170,255,186
171,252,181
171,255,172
171,255,166
171,253,161
171,253,154
172,255,146
172,251,142
172,255,135
172,253,132
173,255,128
172,253,126
173,253,120
173,248,117
174,248,111
174,250,101
174,252,92
175,246,83
175,248,74
175,251,67
176,243,66
177,255,61
179,251,61
3,243,63
7,185,88
11,165,102
14,153,112
17,156,113
18,151,118
20,153,120
21,146,122
23,146,119
24,140,118
23,135,115
20,147,97
18,174,72
13,167,52
7,118,54
178,77,53
164,68,49
158,62,45
156,51,50
163,40,57
2,70,55
12,170,54
18,189,70
22,143,112
25,129,132
28,121,141
30,117,144
30,111,152
31,114,155
31,112,161
31,110,164
31,105,167
33,107,171
33,112,176
33,113,182
34,117,187
35,117,191
37,109,198
38,103,206
38,102,213
38,104,215
38,107,217
39,106,224
39,103,231
39,103,235
39,101,240
39,98,242
39,96,241
39,96,241
39,95,244
38,94,248
38,93,250
38,94,247
38,98,249
37,100,250
38,99,247
38,100,246
37,103,236
36,106,229
35,105,222
33,94,224
29,89,200
18,124,171
8,242,116
2,251,126
177,249,138
174,255,147
174,255,149
170,255,185
170,255,178
171,255,170
171,255,163
171,253,158
171,252,153
172,255,145
172,251,142
172,255,135
172,253,132
173,255,128
172,253,126
173,255,119
173,248,117
173,248,111
174,252,100
174,252,92
175,246,83
175,248,74
175,255,66
176,247,65
177,255,61
179,255,59
3,239,64
8,178,90
12,167,101
15,158,110
18,152,114
19,154,119
20,156,118
22,152,119
23,148,119
23,142,120
23,140,111
20,157,91
17,179,67
13,170,51
7,118,54
174,77,53
159,69,48
155,71,43
156,55,46
156,47,54
2,74,52
12,170,54
18,184,72
22,142,113
25,129,132
28,116,143
30,113,145
31,112,153
31,114,155
31,113,160
31,112,162
31,107,164
31,108,168
33,114,174
33,117,181
33,116,189
35,114,195
37,104,201
38,102,208
38,102,212
38,106,212
38,109,213
39,108,219
39,107,227
39,104,233
39,101,240
39,100,242
39,98,242
39,97,240
38,95,244
38,93,250
38,89,251
38,93,248
38,99,248
37,100,250
37,98,246
37,99,244
37,105,237
35,108,227
34,104,220
32,93,224
28,93,201
18,124,173
8,240,120
2,249,129
177,250,141
174,253,150
174,252,153
170,255,183
170,255,178
171,255,168
171,255,162
171,255,155
172,252,151
172,255,145
172,251,142
173,255,135
173,253,132
173,255,128
173,251,127
172,249,122
173,248,117
173,250,110
174,252,100
174,250,93
174,249,83
174,248,74
175,251,67
176,247,65
177,255,60
179,255,60
3,235,65
8,173,93
12,162,104
15,156,111
18,155,115
19,157,120
21,155,120
22,152,119
23,149,118
23,145,118
22,146,110
19,159,88
17,185,62
13,165,51
5,113,52
170,78,49
159,72,46
155,73,42
156,55,46
158,52,54
2,74,52
11,157,57
17,168,76
23,134,112
26,129,130
28,115,144
30,111,147
31,112,153
33,114,156
31,113,160
32,117,161
31,112,162
32,113,167
33,116,172
33,116,176
33,114,185
34,110,194
35,100,202
37,100,207
37,103,211
38,106,211
38,109,210
38,109,216
38,106,226
38,106,234
39,101,240
39,101,240
38,98,239
38,98,240
38,94,244
38,92,250
37,91,250
37,93,250
38,96,250
38,98,251
37,99,245
37,99,245
36,104,238
35,107,227
33,104,219
31,92,224
28,92,202
18,127,173
8,238,121
2,243,133
177,248,145
174,252,155
174,249,159
170,255,181
170,255,175
171,255,167
171,252,162
171,253,154
172,252,151
172,255,145
172,251,142
173,255,135
173,255,134
173,255,130
173,249,128
172,245,124
172,253,116
173,255,108
174,255,102
174,250,93
174,252,82
174,252,73
174,251,69
176,251,64
177,255,59
0,255,60
2,236,67
7,172,95
11,163,105
15,157,112
18,155,115
19,155,122
21,157,122
22,155,120
23,155,117
23,148,117
22,146,110
19,161,87
17,188,61
13,168,50
5,117,48
170,83,46
158,65,43
153,62,41
156,54,47
164,51,55
2,74,52
11,157,57
17,153,80
23,129,117
26,124,132
28,116,143
30,113,144
31,115,153
33,115,160
32,116,163
32,116,162
32,116,163
32,113,167
33,117,170
33,119,173
33,113,182
34,105,191
35,95,203
35,95,206
37,100,210
37,103,210
37,108,210
38,107,216
38,105,228
38,101,237
39,101,241
39,101,239
38,99,237
38,98,240
38,95,244
38,93,249
38,91,251
38,92,251
38,95,251
38,97,252
37,99,245
36,99,245
35,102,239
35,106,228
33,104,219
30,91,223
27,93,205
18,129,174
8,238,122
2,240,137
177,245,148
174,253,158
173,250,163
170,255,181
170,255,173
171,255,167
171,253,161
171,250,156
172,252,151
172,255,145
172,255,140
173,255,138
173,255,134
173,255,131
173,253,126
172,255,119
173,251,115
173,255,108
174,250,104
174,252,92
174,246,86
174,252,75
174,244,71
175,251,67
176,247,65
179,255,63
2,226,71
7,176,100
11,166,109
15,162,113
18,160,116
20,158,121
22,160,121
22,159,120
23,158,118
23,151,115
22,149,108
19,173,81
17,194,59
11,168,47
3,113,45
170,87,44
158,65,43
153,62,41
156,54,47
164,51,55
0,74,55
11,149,53
17,145,79
23,124,117
27,120,132
29,112,144
31,115,149
33,118,156
33,119,161
33,122,163
33,119,167
32,110,171
32,110,171
33,115,171
33,113,174
33,109,180
34,105,185
34,94,198
34,93,200
35,94,207
36,98,211
36,101,217
37,103,220
38,100,231
38,101,238
39,101,240
39,102,238
39,102,238
39,100,243
38,97,248
38,95,251
38,93,252
38,95,252
38,95,253
38,96,250
37,96,247
36,100,242
35,103,237
34,106,229
32,103,218
30,93,220
26,95,204
17,126,176
7,227,128
1,242,135
176,247,152
174,250,164
173,253,166
170,255,178
171,255,173
171,253,165
171,253,161
171,252,155
172,253,150
173,255,144
172,255,140
173,255,138
173,255,134
173,255,130
173,251,126
172,255,119
173,253,114
173,255,108
174,250,104
174,252,92
174,246,86
174,248,76
174,248,73
174,248,70
175,248,68
179,255,64
1,227,72
6,178,102
11,166,112
15,163,116
18,162,118
20,162,121
22,163,119
23,166,118
23,158,118
24,155,115
22,153,105
19,178,79
17,188,61
11,155,51
3,109,47
170,71,43
158,62,45
156,61,42
158,61,46
170,57,54
0,76,54
11,144,55
17,140,82
23,119,122
27,117,135
29,112,143
31,120,147
33,118,156
33,121,162
33,124,165
33,121,168
33,114,172
32,108,174
33,112,176
33,107,179
34,106,182
34,104,179
33,99,181
33,93,192
34,91,205
35,96,209
35,98,215
36,99,222
37,98,232
38,99,237
38,98,240
39,101,239
39,101,239
39,100,243
38,97,247
38,96,250
38,95,251
38,95,252
38,95,251
38,95,251
38,96,250
36,97,241
35,102,234
34,105,224
32,104,216
30,93,221
26,95,206
17,128,178
7,224,132
0,230,143
175,244,159
173,250,169
172,252,172
170,255,177
171,255,171
171,255,164
171,253,158
171,253,154
172,255,149
173,255,144
172,255,140
173,255,135
173,255,133
173,255,130
173,251,126
172,255,119
173,253,114
174,255,107
174,253,103
174,255,93
174,246,87
174,249,79
174,245,75
174,245,74
175,251,69
179,255,67
1,219,77
6,175,105
10,166,115
14,162,118
17,163,119
19,163,122
22,171,118
22,169,118
23,156,119
23,152,114
22,159,101
20,184,75
17,179,60
11,140,51
0,87,47
170,70,44
158,62,45
158,67,42
164,75,44
174,74,52
3,94,54
11,157,57
17,150,80
23,121,122
27,120,136
30,116,141
31,123,147
32,120,157
33,124,162
33,127,166
33,125,169
33,115,173
33,112,176
33,107,178
33,106,181
34,103,180
33,103,173
33,102,175
33,95,188
33,92,203
34,94,207
36,96,216
36,96,224
37,95,233
38,99,235
38,97,240
39,99,240
39,99,240
39,97,244
39,98,248
39,97,251
38,98,253
39,95,255
39,94,252
38,93,251
38,93,249
36,98,240
35,103,231
34,106,222
31,103,215
29,95,220
25,97,208
16,128,180
6,220,138
0,224,148
175,243,165
173,251,174
172,251,179
171,254,174
171,255,168
171,255,162
171,253,158
172,253,153
172,255,149
173,255,144
173,255,139
173,255,134
173,255,130
173,255,129
173,251,126
173,253,120
173,251,115
174,255,107
174,253,103
174,255,93
174,246,87
174,252,79
174,252,75
174,252,73
175,255,70
178,255,69
1,208,82
6,172,107
10,165,116
13,164,120
16,165,119
19,164,121
22,171,118
22,169,118
23,156,119
22,152,114
22,157,99
19,182,73
17,176,58
11,143,50
0,85,48
170,70,44
158,65,43
164,68,41
170,83,46
174,90,54
4,115,53
11,163,58
18,158,79
23,126,123
27,123,137
30,119,142
31,122,148
33,124,158
33,131,158
33,129,164
33,125,170
33,114,174
33,112,176
33,111,177
33,106,180
33,104,179
33,104,172
32,97,177
33,96,186
33,93,198
34,93,208
35,92,218
37,93,225
37,93,233
38,95,236
38,94,240
39,97,240
39,96,241
39,97,244
39,96,248
39,97,251
39,95,254
39,95,255
39,93,254
38,92,251
37,94,247
36,98,239
34,100,230
33,105,222
31,102,217
28,97,221
24,98,209
15,125,182
6,212,142
179,224,154
174,243,169
172,251,179
172,249,185
171,255,171
171,255,165
172,255,159
172,255,155
172,253,152
172,253,147
173,255,141
173,255,137
173,255,133
173,255,130
173,253,128
173,251,125
173,253,120
173,253,115
174,255,108
174,255,103
174,255,94
174,249,89
174,252,79
174,252,75
174,255,72
175,255,71
178,248,71
1,203,84
6,172,107
10,165,116
13,162,121
16,162,121
19,164,121
21,165,119
22,163,119
23,152,119
22,148,114
22,153,100
20,178,70
16,172,55
10,133,48
2,80,48
170,70,44
158,67,42
164,77,43
169,90,48
177,94,54
4,132,54
13,188,61
19,169,83
23,132,129
27,128,141
30,122,142
32,127,148
33,126,156
33,132,155
33,128,165
33,125,170
33,117,175
33,112,177
33,111,179
33,108,182
33,103,181
33,107,174
33,102,175
33,97,184
33,92,199
34,92,210
35,92,220
37,93,226
37,90,233
38,92,236
38,91,241
38,93,242
39,93,243
39,95,244
38,95,246
38,97,248
38,95,251
38,95,252
38,92,254
38,92,250
36,93,246
36,98,240
33,101,225
32,107,214
30,103,213
28,98,221
23,100,210
15,127,183
5,211,145
179,224,158
174,243,173
172,248,185
171,248,192
171,255,168
171,255,162
172,255,159
172,255,155
172,253,152
172,255,146
173,255,140
173,255,136
173,255,132
173,255,128
173,253,125
173,251,125
173,255,119
173,253,115
174,255,108
173,255,104
174,255,94
174,249,89
174,252,79
174,248,76
174,248,74
175,255,70
178,244,72
1,200,84
6,173,106
10,166,115
14,159,120
17,159,122
19,160,121
21,159,120
21,157,120
23,148,119
22,146,115
21,146,101
19,169,71
16,175,54
10,136,47
0,76,47
164,79,42
159,83,40
166,89,43
171,99,49
176,104,54
5,139,55
14,192,65
20,178,90
24,134,133
26,132,143
29,128,143
31,128,145
32,125,155
33,128,159
33,127,167
33,125,170
33,117,174
33,112,178
33,109,182
33,107,186
33,105,183
33,106,175
31,107,170
33,99,186
33,90,204
34,91,213
35,91,221
36,91,225
37,90,232
38,90,234
39,89,240
38,91,241
39,92,242
39,93,243
38,94,246
38,94,249
38,93,252
38,93,253
38,92,252
38,92,250
36,93,247
35,97,239
34,108,217
32,115,199
29,109,204
27,100,220
23,101,209
14,131,183
5,215,145
179,225,160
174,243,176
172,250,188
171,250,196
172,255,166
172,255,161
172,255,156
172,252,154
172,253,150
173,253,145
173,255,139
173,255,134
173,255,131
173,253,128
173,255,123
173,253,121
173,255,118
173,255,117
174,255,110
174,255,106
174,255,95
174,249,89
174,252,82
174,248,76
174,245,75
175,255,70
178,244,72
1,198,85
5,167,107
10,160,113
15,159,119
17,160,121
19,160,121
20,157,122
21,152,121
22,145,120
22,142,115
21,146,101
19,166,72
17,158,55
10,122,46
0,78,46
164,85,39
159,85,39
166,93,41
171,108,45
175,116,55
6,140,62
15,178,76
20,171,100
24,141,136
26,136,142
29,131,144
31,128,146
32,125,155
33,127,161
33,127,167
33,125,169
32,119,172
32,115,177
33,113,181
33,110,185
33,109,185
33,109,180
32,108,175
32,101,187
32,93,203
34,94,212
35,91,221
36,91,225
37,89,232
38,89,235
38,88,238
39,89,241
39,89,242
38,90,243
38,91,246
38,92,250
38,92,252
38,92,253
38,91,251
37,91,249
35,92,247
34,96,239
33,111,210
32,125,187
29,116,200
26,102,224
23,102,210
13,135,180
5,220,144
179,225,164
174,242,180
172,252,190
171,252,197
172,255,163
172,255,159
172,255,156
172,253,153
172,253,150
173,255,144
173,255,139
173,255,135
173,255,131
173,253,126
173,255,123
173,255,120
173,255,119
173,251,116
174,255,109
174,250,105
174,255,97
174,252,90
175,255,82
175,252,77
174,248,76
176,255,71
178,244,72
2,202,86
6,169,107
11,162,113
15,161,119
18,162,118
19,160,121
20,158,121
21,153,120
21,145,123
22,142,115
20,141,101
19,159,72
15,145,58
8,106,48
174,85,45
159,87,38
157,85,39
161,100,41
170,122,44
179,118,56
9,148,69
18,163,91
21,164,109
24,139,138
27,142,140
29,130,145
31,129,148
32,125,155
33,128,159
33,127,166
33,125,169
32,118,173
33,116,176
33,115,177
33,113,182
33,108,186
33,106,186
33,101,182
31,99,182
31,94,193
33,92,207
35,88,219
37,89,224
38,90,233
38,87,239
38,86,242
38,86,243
39,87,245
39,87,245
38,88,246
37,89,249
37,90,251
37,91,250
37,90,253
37,91,250
36,91,249
35,93,241
32,108,208
30,123,182
29,116,200
26,101,228
23,98,211
13,132,178
4,218,146
178,225,170
174,241,186
172,254,192
171,255,198
172,255,163
172,252,161
172,255,155
173,255,151
173,255,150
173,255,145
173,255,140
173,255,134
173,255,129
173,255,126
173,255,123
173,251,120
173,255,117
174,253,113
174,255,106
175,250,103
175,255,96
174,255,93
175,255,86
175,249,82
175,252,79
176,252,74
179,255,70
3,212,84
8,164,109
12,163,114
16,163,117
18,169,118
19,167,119
21,162,118
21,160,118
22,150,121
22,144,117
20,141,101
16,156,72
11,136,58
3,106,48
170,87,44
159,85,39
157,81,41
160,127,36
173,131,41
6,145,60
15,161,81
20,143,114
24,143,128
25,133,140
27,135,142
29,133,142
31,131,146
32,127,153
32,126,156
32,124,164
32,124,164
33,120,166
33,115,173
33,111,181
34,108,184
35,108,187
34,98,189
33,94,184
31,97,171
30,92,180
30,85,197
34,84,215
37,87,223
39,88,233
39,86,238
38,86,244
38,85,245
39,87,247
39,86,250
37,84,249
37,87,250
37,86,251
37,88,252
37,92,251
37,92,252
38,89,253
36,93,243
31,102,211
28,114,199
29,115,201
28,98,222
25,91,201
13,125,176
2,214,148
177,234,173
173,244,189
171,255,195
171,252,200
172,255,162
172,253,160
173,255,153
173,255,151
173,255,148
173,255,144
173,255,139
173,255,134
173,255,130
173,255,127
173,255,123
173,253,121
173,255,117
174,248,112
174,255,106
175,250,101
175,255,97
175,252,93
175,255,87
175,252,83
175,255,80
176,255,76
179,252,73
3,205,87
9,167,110
13,165,113
16,166,118
18,167,119
19,166,120
21,165,119
21,159,119
22,147,123
22,141,119
20,140,102
16,158,71
11,144,55
3,113,45
174,91,42
159,83,40
157,81,41
162,111,39
177,125,45
9,167,61
17,176,81
22,148,117
25,143,130
27,129,140
28,132,141
29,129,142
31,128,146
32,126,154
32,123,159
32,122,161
32,121,162
33,121,165
33,114,172
33,110,179
34,105,184
35,104,187
35,96,192
33,93,184
30,96,164
27,99,170
28,89,191
34,84,215
37,87,223
38,88,230
38,88,238
38,86,244
38,85,245
39,86,248
39,86,250
37,84,250
37,84,250
38,84,252
38,85,254
36,90,253
37,90,251
39,89,249
36,90,238
30,101,210
27,113,200
28,112,202
28,96,218
26,89,197
12,122,172
1,210,148
176,234,178
173,243,194
171,251,198
171,250,202
172,255,161
172,255,159
173,255,153
172,255,150
173,255,145
173,255,141
173,255,138
173,255,134
173,255,129
173,255,127
173,255,124
173,253,121
173,255,117
174,248,112
174,253,107
175,248,102
175,255,97
175,252,93
175,255,87
175,252,83
175,255,79
176,255,76
179,245,75
3,201,89
9,165,111
14,169,113
16,168,120
18,169,119
19,169,121
20,164,120
21,156,118
21,146,122
22,141,119
21,144,103
17,162,71
13,157,52
9,130,47
0,81,44
164,81,41
166,93,41
171,115,42
4,136,45
12,190,59
18,182,84
23,142,120
26,139,132
27,127,142
29,130,141
30,128,139
31,128,145
32,126,154
32,121,160
32,121,162
32,120,163
32,117,166
33,113,173
33,107,179
34,102,183
35,100,188
34,94,192
32,90,186
30,96,165
27,108,161
28,95,183
33,84,213
36,86,222
37,87,231
38,88,238
38,86,243
39,87,245
39,86,248
39,85,251
38,84,251
37,83,251
38,84,252
38,86,253
36,88,250
37,88,253
39,86,250
37,87,239
30,102,202
27,119,189
28,112,201
27,94,220
24,90,199
12,125,170
0,210,147
176,236,179
172,243,195
171,251,201
171,251,203
172,255,164
172,253,160
172,255,152
172,253,150
173,255,143
172,255,140
173,253,136
173,253,132
173,255,129
173,255,127
173,255,124
173,255,123
174,255,116
174,251,114
174,250,108
175,245,103
175,255,98
175,250,94
175,255,88
175,249,84
175,255,80
176,255,76
179,245,75
4,204,90
9,168,111
14,169,113
16,169,119
18,171,118
19,169,121
20,164,120
21,156,118
22,146,119
23,143,116
22,140,102
19,159,72
15,168,53
10,130,49
5,102,45
174,87,44
174,93,41
177,119,43
6,164,45
14,215,58
18,182,87
24,138,122
27,134,133
28,125,141
29,126,142
30,127,141
32,128,147
32,126,154
32,122,159
32,119,165
32,117,168
32,113,172
32,110,176
33,102,180
33,102,183
34,97,186
34,92,192
32,90,188
30,96,173
27,111,163
28,102,178
33,87,210
35,89,221
37,89,233
38,88,238
38,87,244
39,87,246
39,86,248
39,85,251
38,84,251
37,84,250
38,84,251
38,84,252
37,87,250
37,85,254
39,84,252
36,85,239
29,105,194
26,131,175
27,114,197
26,95,225
23,90,201
11,127,171
0,211,150
175,238,180
172,248,193
171,255,198
171,252,202
172,255,166
172,253,162
172,255,152
172,252,148
173,255,141
173,255,138
173,253,135
173,253,132
173,255,129
173,255,127
173,255,124
173,255,123
174,255,117
174,253,113
174,253,107
175,248,102
175,255,98
175,250,94
175,255,88
175,249,84
175,249,82
176,252,77
179,242,76
4,202,91
9,168,111
13,171,115
15,169,121
17,173,118
18,164,121
20,158,121
21,151,120
22,143,121
23,142,117
22,136,105
19,158,76
16,168,56
11,146,47
8,119,43
0,93,44
0,95,43
4,130,47
10,191,48
15,209,66
19,171,97
25,135,127
28,128,134
28,123,141
30,124,140
30,125,143
32,126,150
32,125,155
33,122,161
33,117,168
33,114,172
32,111,175
32,108,179
33,101,182
33,101,184
33,96,185
33,94,189
31,91,187
30,97,173
27,112,161
28,104,174
31,88,206
35,88,220
37,88,234
38,87,239
38,86,245
39,87,247
39,86,249
39,85,252
38,84,252
38,84,252
38,84,252
38,84,252
37,83,251
38,84,253
39,83,247
36,86,236
29,110,186
26,139,167
26,118,194
25,96,223
21,93,205
10,130,173
179,212,155
175,238,182
173,248,192
171,255,197
171,255,200
171,255,171
172,255,163
172,255,154
172,255,149
173,253,142
173,253,139
173,253,135
173,253,132
173,255,129
173,255,127
173,255,124
173,255,123
174,255,117
174,253,113
175,255,105
175,250,103
175,255,97
175,252,95
175,255,87
175,252,83
175,252,81
177,252,76
0,242,76
4,202,92
9,170,111
13,172,114
15,167,122
17,171,119
18,164,121
20,158,121
21,148,122
22,141,123
23,139,119
22,137,108
21,155,79
18,173,56
17,161,46
10,130,43
5,112,41
3,121,42
8,146,47
12,188,53
16,173,84
20,146,115
26,128,131
30,124,134
30,120,138
30,120,140
31,122,144
32,125,151
33,125,157
33,122,161
33,119,165
33,115,171
33,112,176
33,110,179
32,104,181
33,101,182
33,101,185
33,94,189
31,91,187
30,99,170
28,111,159
28,103,176
31,87,207
35,88,221
36,88,233
38,86,242
38,86,245
39,87,247
39,86,249
39,85,251
38,84,252
38,84,252
38,84,252
38,84,252
37,83,252
38,83,251
39,83,246
35,88,230
28,120,179
26,145,160
26,121,192
24,100,224
20,97,203
9,136,173
179,213,157
175,236,187
173,247,196
172,252,199
171,254,200
171,255,176
172,252,169
172,255,159
172,252,154
172,255,146
172,253,141
173,251,137
173,255,134
173,255,129
173,255,127
173,255,124
174,253,123
173,255,119
173,255,114
175,255,106
175,250,103
175,255,98
175,252,95
175,255,87
175,255,82
176,255,80
177,252,76
0,235,78
4,198,94
9,172,110
13,174,114
16,173,121
18,176,119
18,166,120
20,159,120
21,152,121
22,143,121
23,140,118
23,134,110
22,151,81
22,178,56
17,154,48
12,125,47
5,130,43
5,143,41
8,161,49
13,188,61
18,151,98
20,136,124
26,130,129
30,127,131
30,121,137
30,121,139
31,121,145
32,125,151
33,125,157
33,124,161
33,121,165
33,117,170
33,114,174
33,111,177
33,109,180
33,105,182
33,100,186
33,94,189
32,89,191
31,96,178
28,101,171
29,98,182
31,87,209
35,87,224
36,87,234
38,86,244
38,85,246
38,85,246
38,84,248
38,83,251
38,83,252
38,83,253
37,82,251
37,82,251
37,84,250
37,82,252
38,81,248
35,90,225
28,131,168
25,154,156
25,124,193
24,100,224
19,106,202
9,143,171
179,218,158
175,236,188
173,245,198
172,247,203
172,250,201
172,255,180
172,251,174
172,253,166
172,249,160
172,255,150
173,253,145
172,255,140
173,255,135
173,255,130
174,255,127
174,255,124
174,253,123
173,251,122
173,251,116
174,255,107
174,253,104
175,255,100
175,250,96
175,255,88
175,255,82
176,252,81
177,248,77
0,227,83
4,194,96
9,172,110
13,176,113
16,173,121
18,174,120
18,164,121
20,161,119
21,156,118
23,149,118
23,142,117
23,133,111
23,150,85
22,177,59
17,170,45
10,125,51
5,127,46
6,151,44
10,180,51
14,190,63
18,151,101
22,141,116
27,130,122
29,126,128
30,121,135
30,119,141
30,119,146
32,123,153
33,125,157
33,124,160
33,123,166
33,120,172
33,115,175
33,114,177
33,110,179
33,108,182
33,103,186
33,97,191
34,87,196
32,89,189
30,90,185
30,90,188
33,85,210
35,84,225
37,85,237
38,86,244
38,84,249
38,84,248
38,84,250
38,83,252
38,83,253
38,80,252
37,80,252
37,80,252
37,82,251
37,82,253
38,79,250
34,90,220
28,136,163
25,158,155
25,125,192
23,102,223
19,107,202
9,147,170
179,221,157
175,241,187
173,246,197
172,244,203
172,246,201
172,254,185
172,254,179
172,252,173
172,252,167
172,255,156
173,252,152
173,255,144
173,253,140
174,255,132
174,251,130
174,255,124
174,255,122
174,255,119
173,255,117
174,253,110
174,248,106
175,255,100
175,252,95
175,255,87
175,252,83
177,255,78
177,255,75
0,230,82
4,194,96
9,168,112
13,173,115
16,173,121
18,173,121
18,163,122
20,161,119
21,155,120
22,150,121
23,136,118
23,130,114
23,143,93
22,171,64
17,173,50
11,146,49
2,127,52
4,148,50
11,178,53
15,211,58
19,175,86
22,159,101
27,139,114
29,128,126
30,120,138
30,119,142
30,119,146
32,123,154
33,123,159
33,123,162
33,124,167
33,125,170
33,119,174
34,117,179
34,112,180
34,110,181
34,107,186
34,97,192
35,88,198
34,84,198
31,84,198
31,86,198
32,81,210
35,82,224
37,81,238
39,83,246
39,82,248
39,82,248
39,82,249
38,81,250
38,80,252
37,77,251
36,77,250
37,80,250
37,80,252
37,80,253
37,76,249
34,88,219
28,138,161
25,159,152
25,122,195
23,101,223
18,104,203
8,148,167
178,227,154
175,245,182
173,248,192
172,251,195
172,252,195
171,254,190
172,255,182
172,255,175
172,254,170
173,255,161
172,253,157
173,255,148
173,255,140
174,255,132
174,253,129
175,253,124
174,253,123
174,255,120
173,253,118
174,253,110
174,248,106
175,255,100
175,252,95
175,255,88
175,249,84
176,255,79
177,252,76
0,224,82
4,193,98
9,169,115
13,171,116
16,173,121
18,174,120
18,162,123
20,158,121
21,153,122
22,148,122
24,139,119
24,131,117
23,141,98
22,162,74
16,172,55
11,161,49
4,148,50
4,163,50
11,197,53
16,224,57
19,173,87
23,153,102
27,130,122
29,123,131
29,114,141
30,117,144
30,118,147
31,122,152
32,123,157
33,127,161
33,123,168
33,123,172
34,119,176
34,117,179
34,113,179
34,113,179
34,108,184
34,98,189
35,85,199
35,80,201
33,80,204
32,84,200
32,83,203
35,82,215
37,80,236
39,81,246
39,80,249
39,83,250
38,81,249
38,81,250
38,78,252
37,77,251
36,77,250
36,76,251
36,77,249
37,77,252
37,72,250
33,85,219
28,135,161
25,159,151
25,118,196
23,97,225
18,104,202
8,146,168
178,223,157
174,243,184
172,247,189
172,250,192
171,251,192
171,251,192
172,255,184
172,255,179
172,254,174
172,255,166
172,255,161
173,255,152
173,255,144
174,255,134
174,255,130
175,253,124
174,251,124
174,255,122
173,253,119
174,255,111
174,253,107
175,255,101
175,255,97
175,252,89
175,246,85
176,252,81
177,248,77
0,224,82
4,191,99
9,167,116
13,170,117
16,171,122
18,173,121
19,167,119
20,162,121
21,155,123
22,148,122
23,141,121
24,132,120
24,137,106
23,152,84
18,181,55
10,168,50
3,152,52
5,172,52
12,190,59
16,192,69
20,145,104
24,125,122
28,118,132
30,115,137
29,112,143
30,116,145
30,121,148
31,123,151
32,124,156
33,127,161
33,124,167
33,123,172
34,118,177
34,117,179
33,113,179
33,110,179
33,105,183
34,96,189
36,82,199
36,78,202
34,76,202
32,83,188
32,88,185
34,84,204
38,78,236
39,79,245
39,80,250
39,79,251
38,79,250
38,78,251
39,79,252
37,77,251
36,76,251
35,75,250
36,77,249
37,75,252
37,71,248
33,79,219
27,129,164
25,154,154
24,116,196
23,96,223
17,103,198
7,145,165
177,224,155
174,244,182
172,248,187
171,251,187
171,254,189
172,251,194
172,252,188
172,255,182
172,255,177
172,255,170
172,252,164
172,255,156
173,255,148
174,255,137
174,255,133
174,253,127
174,253,125
174,253,123
173,253,119
174,255,112
174,250,108
175,255,101
175,255,97
175,255,88
175,249,84
176,252,81
178,252,76
0,227,81
5,192,97
10,166,115
13,170,117
16,170,123
18,169,122
19,167,119
21,159,120
21,153,123
22,153,122
23,143,121
24,135,121
24,139,110
22,152,89
17,191,56
11,165,54
4,148,57
6,189,50
13,207,59
17,171,82
22,126,117
25,117,133
29,111,136
30,114,139
30,115,142
30,116,145
30,121,147
31,127,150
32,125,155
32,123,160
33,123,166
33,120,172
33,115,175
33,114,177
33,108,177
32,107,176
31,101,179
33,93,186
36,80,197
36,76,200
34,76,197
32,87,173
32,94,165
34,87,196
37,76,235
39,79,245
39,78,250
39,79,251
38,78,251
38,78,251
39,79,252
38,78,252
36,76,251
35,75,250
37,74,250
37,72,250
37,69,247
33,79,219
27,127,167
26,150,155
25,111,195
23,94,219
17,103,193
7,144,161
176,230,152
173,246,176
172,249,182
171,251,184
171,252,185
172,251,194
172,250,190
172,252,184
172,255,176
172,255,170
172,252,167
172,255,159
173,253,151
173,255,140
173,253,136
174,255,129
174,255,126
174,255,124
174,253,121
174,255,114
174,248,110
175,255,102
176,252,97
175,255,88
176,252,83
176,252,78
178,252,73
0,223,80
5,190,98
10,165,116
14,166,117
16,170,123
18,172,123
19,164,121
21,157,122
22,155,125
22,151,123
23,143,121
24,136,120
24,150,109
23,163,89
17,182,66
12,160,62
6,164,59
8,222,47
15,197,66
19,144,101
24,115,133
28,112,137
30,110,139
31,117,142
31,119,144
30,120,144
30,121,147
31,127,150
32,125,155
32,123,160
33,119,167
33,116,171
33,113,174
32,109,173
31,104,169
31,105,167
30,99,170
31,90,178
34,79,191
35,78,195
33,77,191
31,88,169
30,93,165
32,86,196
37,75,235
39,78,245
39,78,250
39,79,252
38,80,252
38,80,252
39,81,252
38,80,252
35,78,251
35,78,250
36,76,251
37,74,251
37,71,248
33,81,221
28,127,168
26,149,156
27,111,193
24,91,218
18,103,193
7,144,158
177,229,147
173,248,174
172,247,182
171,247,184
171,252,184
171,248,194
172,244,192
172,247,188
172,252,178
172,255,171
172,252,167
172,255,159
172,250,153
173,255,144
173,253,139
173,255,132
174,255,127
174,255,126
174,253,121
174,255,114
174,250,109
175,255,102
176,252,97
176,255,87
176,255,82
176,255,76
178,255,72
1,227,81
5,183,99
11,159,117
14,164,118
16,170,123
18,172,123
20,164,120
21,157,122
22,155,125
22,150,124
23,143,121
24,139,121
24,146,112
23,154,96
18,181,69
12,186,59
8,213,48
8,255,43
16,180,78
22,131,119
25,110,141
29,114,136
31,118,141
32,119,144
33,123,145
31,125,145
32,127,149
31,127,151
32,124,156
32,123,160
33,120,166
33,116,170
33,107,172
31,104,169
30,105,161
29,103,156
28,98,164
29,85,174
33,77,185
34,80,182
31,83,175
29,89,167
29,86,181
31,77,208
36,75,235
38,79,242
39,80,249
39,81,252
38,80,252
38,80,252
39,82,253
38,83,253
37,79,252
35,78,251
35,79,250
36,76,251
37,74,250
33,85,225
29,128,170
27,147,158
28,111,195
25,92,219
19,105,190
8,146,157
177,230,145
173,248,171
172,245,178
171,247,180
171,249,181
171,243,196
172,240,193
172,244,189
172,248,179
172,252,172
172,250,166
172,253,158
172,250,153
173,253,145
173,250,142
173,255,135
173,255,130
174,255,126
174,253,123
174,255,114
174,250,109
176,255,101
176,252,97
176,255,87
176,252,83
177,255,77
178,252,73
1,224,82
5,183,99
11,160,116
15,169,116
17,170,120
19,173,121
20,165,119
21,158,121
21,152,124
22,150,124
23,145,121
24,139,121
25,143,116
23,141,107
18,164,81
12,192,61
8,224,49
10,218,55
18,145,102
23,123,135
27,111,143
30,118,138
33,121,143
34,123,147
33,122,146
33,126,146
32,126,150
32,127,153
32,123,157
32,121,160
33,120,164
32,112,168
31,103,171
31,99,167
29,104,154
28,107,146
27,99,157
27,85,174
32,74,182
33,80,178
29,89,164
29,93,161
27,85,191
29,74,218
35,73,236
37,79,239
39,80,249
39,81,251
38,80,251
38,83,251
39,84,252
39,84,254
36,81,252
36,82,251
36,82,251
36,82,250
35,79,250
33,87,231
29,125,181
28,143,170
28,110,200
26,96,216
21,112,184
9,154,154
178,230,144
174,249,168
173,249,173
172,248,176
172,251,177
171,243,197
171,243,193
171,248,186
172,249,180
172,249,174
172,250,169
172,255,160
172,250,155
172,253,147
172,248,144
173,251,137
173,251,133
173,255,129
173,253,124
173,253,115
174,248,110
175,255,102
175,252,98
175,255,91
176,246,85
176,249,79
178,248,74
1,227,81
5,185,98
11,163,114
15,172,114
17,171,119
19,171,122
20,162,121
21,156,121
21,151,125
22,151,123
24,151,118
24,143,118
24,141,119
23,143,112
19,169,83
15,233,58
12,255,47
14,201,66
19,132,118
24,118,138
28,115,140
31,117,142
34,123,143
34,123,147
33,127,147
32,129,146
33,130,151
32,126,154
32,119,158
32,117,161
33,112,164
33,106,169
32,98,172
31,97,165
28,102,150
26,109,138
24,104,152
25,90,173
29,74,183
30,72,183
28,82,168
27,94,157
27,85,186
30,73,216
35,73,237
37,78,242
39,82,248
38,84,250
38,84,250
38,84,249
39,85,251
39,85,253
36,82,251
35,82,250
35,81,251
36,83,249
35,81,250
34,88,238
31,119,195
30,132,179
29,106,203
26,97,213
20,114,179
8,155,151
178,230,141
174,249,165
172,250,168
172,251,170
172,249,174
171,250,193
171,250,192
171,250,189
171,248,186
171,251,180
171,249,174
171,253,164
171,252,159
172,255,148
172,253,143
172,253,137
172,253,132
172,253,129
173,247,124
173,251,116
174,248,111
174,255,105
174,252,100
174,255,92
175,252,85
176,255,80
178,252,76
1,221,82
5,183,99
11,160,116
15,162,118
17,170,120
19,170,123
21,159,120
21,155,122
23,153,122
24,153,120
24,154,119
24,148,117
24,147,118
23,142,120
22,155,105
21,202,77
19,229,68
21,163,91
24,123,124
28,110,139
31,109,141
33,112,146
34,123,143
34,129,144
33,132,145
33,136,146
33,133,149
33,126,156
33,114,163
34,109,166
34,110,165
34,105,168
33,95,171
31,88,168
27,96,148
23,114,130
23,114,145
24,99,167
28,77,180
29,67,191
26,71,176
25,88,151
28,84,182
31,77,215
36,75,237
38,81,243
39,85,250
39,85,252
39,85,252
39,85,252
39,85,252
37,83,252
35,81,251
33,81,250
33,77,248
34,80,249
36,83,250
35,90,241
34,107,219
32,115,206
30,99,207
26,91,215
18,108,181
7,158,144
177,228,143
174,244,165
172,244,168
171,253,164
171,249,170
171,251,192
171,252,190
171,250,189
171,246,190
171,251,181
171,252,176
171,255,167
171,253,161
172,255,150
172,253,146
172,255,139
172,253,133
172,251,130
172,249,124
173,251,116
173,253,111
174,255,105
174,255,101
174,255,92
175,255,86
176,255,79
177,252,76
0,207,85
5,179,101
11,160,116
15,163,117
17,170,120
19,171,122
20,161,122
21,155,122
23,148,122
24,152,121
25,150,119
25,151,118
24,148,121
23,143,121
23,145,118
23,158,105
23,163,102
24,136,116
27,117,133
29,106,139
32,109,143
33,113,145
33,121,143
33,128,146
32,129,146
33,135,147
33,133,149
33,127,155
33,111,161
34,106,166
35,104,169
35,104,169
34,97,171
32,90,168
28,90,147
24,111,131
24,114,146
24,96,170
28,73,182
28,64,182
23,70,164
23,81,144
28,80,178
32,75,217
37,74,239
39,81,245
39,84,251
40,86,253
40,84,254
39,84,252
38,83,251
37,83,252
35,80,251
33,79,249
33,77,250
34,78,250
36,82,251
35,92,244
35,105,225
34,111,212
31,98,211
26,91,214
18,106,180
7,158,140
177,233,138
174,240,165
172,240,169
171,255,162
171,253,163
171,250,193
171,252,190
171,251,188
171,250,187
171,252,183
171,254,175
171,255,168
171,252,164
172,255,151
172,253,146
172,255,140
172,253,135
172,247,132
172,245,126
173,246,118
174,246,113
174,255,106
174,255,102
174,255,92
175,255,86
176,255,79
177,248,77
0,203,88
5,178,102
11,162,115
15,166,115
17,169,119
19,167,122
20,157,122
21,157,122
22,151,123
23,147,123
24,150,122
25,151,118
24,147,118
24,141,119
24,134,124
24,132,126
24,126,132
25,116,138
28,109,143
31,107,143
33,108,146
33,112,146
33,120,145
33,121,147
33,125,147
32,128,147
33,132,149
33,124,154
33,112,160
34,107,165
35,109,169
35,104,169
35,102,172
34,97,171
30,94,147
29,110,127
28,113,142
28,94,166
29,72,177
27,64,167
22,72,146
21,85,135
27,80,173
32,71,211
37,72,238
39,76,244
39,79,251
40,84,254
39,82,253
39,81,252
38,80,251
37,82,252
35,78,251
34,79,251
33,76,251
34,80,250
36,82,251
36,89,247
35,101,230
33,104,218
32,97,216
26,91,214
19,109,178
8,169,139
179,234,134
175,236,164
173,241,165
172,252,161
172,255,159
171,251,191
171,254,189
171,255,185
171,255,183
171,254,182
171,254,178
171,252,172
171,249,166
171,255,153
172,255,146
172,255,140
172,255,136
172,249,133
173,245,128
173,247,121
174,244,114
174,255,108
174,253,103
174,255,92
175,255,86
176,255,80
177,248,77
0,203,88
4,177,101
10,160,113
15,166,115
17,168,120
19,169,121
19,158,123
21,153,122
21,152,124
23,147,123
24,152,121
25,153,117
24,148,117
24,146,119
24,135,125
25,127,131
24,117,139
27,111,142
29,110,142
31,111,145
33,111,147
33,115,148
32,117,146
32,116,147
33,121,148
33,125,147
32,127,149
32,123,154
33,112,160
34,107,164
34,110,164
34,110,165
34,107,169
34,101,170
33,99,154
32,110,137
31,109,148
31,88,168
31,69,173
27,65,160
22,71,141
21,87,132
26,81,167
31,72,206
36,69,238
39,75,248
39,79,251
39,82,253
39,81,251
38,81,250
38,81,250
37,82,251
35,80,251
35,80,252
34,79,253
35,81,252
36,85,253
36,88,249
35,99,235
33,99,223
32,93,220
27,91,215
20,110,178
10,170,141
0,234,132
176,240,158
174,247,158
173,247,159
172,250,159
171,252,190
171,255,187
171,255,185
171,252,185
171,254,182
171,252,179
171,248,175
171,243,171
172,252,157
172,255,149
172,255,140
172,255,136
173,251,131
173,247,127
173,249,120
174,242,115
174,253,108
175,250,103
174,255,92
175,255,86
176,255,80
177,252,76
0,203,88
4,175,102
10,159,114
14,162,118
16,162,124
18,165,122
18,159,125
20,154,124
21,154,124
22,150,124
23,154,121
25,153,117
24,147,118
25,144,119
25,136,126
26,128,131
27,116,136
28,116,139
30,114,139
32,117,144
33,118,147
33,118,147
32,118,145
31,117,146
32,118,145
33,122,146
33,122,150
33,118,155
33,112,160
33,111,161
33,115,160
32,120,157
33,121,158
33,109,164
33,101,162
33,103,159
33,99,172
33,85,186
32,68,175
29,63,161
20,73,144
20,89,132
26,84,166
30,75,205
35,70,239
39,77,247
39,82,251
39,84,251
38,84,250
37,83,249
37,84,250
37,84,250
37,83,252
36,82,252
35,80,254
35,83,253
36,84,254
37,88,251
35,96,236
34,99,226
33,92,221
28,89,214
22,115,175
11,176,139
2,247,128
178,240,153
175,247,153
174,247,156
173,249,158
171,252,190
171,252,187
171,251,186
171,248,186
171,252,183
171,251,180
171,245,177
171,240,173
172,250,160
172,253,152
172,255,143
172,253,139
173,255,131
173,247,127
173,249,120
174,242,115
174,250,109
175,248,104
174,255,93
174,255,87
176,255,79
177,255,75
0,201,89
4,172,104
9,158,118
14,159,120
16,161,125
18,166,121
18,159,125
20,153,125
21,153,125
22,151,123
23,155,120
25,151,118
25,142,120
26,140,120
26,135,125
27,131,128
28,124,134
29,117,137
31,119,139
32,120,142
33,124,144
33,122,146
33,123,145
33,122,146
32,118,145
33,122,146
33,119,150
33,118,155
33,113,158
31,111,158
30,117,152
31,133,144
31,134,143
32,117,161
32,97,177
33,93,184
34,92,192
34,82,197
34,71,183
29,63,167
20,75,147
21,93,132
25,90,168
30,77,206
36,75,238
39,81,245
39,82,252
39,84,252
38,83,251
37,83,251
37,86,252
37,86,252
38,86,253
37,85,254
35,84,253
35,84,253
37,85,254
37,89,249
35,97,235
34,100,225
33,96,221
28,92,213
22,119,172
12,185,132
3,255,123
178,238,151
176,243,153
174,248,151
174,248,153
171,252,190
171,250,189
171,250,187
171,248,186
171,251,184
171,251,180
172,249,176
172,242,175
172,250,163
172,252,154
173,255,145
172,253,141
173,255,134
173,249,128
173,249,121
174,244,117
174,253,110
174,250,105
174,252,94
174,252,88
176,255,80
177,252,76
0,201,89
4,172,104
9,158,116
13,158,118
15,157,125
17,165,122
18,160,124
20,152,126
21,151,127
22,151,123
24,150,119
24,146,119
26,145,120
27,140,120
27,138,122
28,136,126
30,127,131
30,124,136
31,125,141
33,127,145
33,128,146
33,128,146
33,127,145
33,125,147
33,121,148
33,121,148
33,119,150
33,119,154
31,113,156
30,114,156
29,126,150
28,142,138
28,145,137
29,120,162
30,94,184
31,89,191
33,89,194
34,82,196
34,69,191
29,63,175
21,75,153
21,98,136
24,94,173
30,78,209
35,77,240
39,83,247
39,83,254
39,85,253
37,83,251
37,83,252
37,86,253
38,86,252
38,89,253
38,86,253
36,85,252
36,85,252
38,86,253
38,92,249
36,100,235
34,102,225
33,98,221
28,93,212
22,120,168
12,191,128
3,255,121
178,241,147
176,240,150
174,250,147
174,248,151
171,255,185
171,254,184
171,252,185
171,248,186
171,249,182
171,254,178
171,252,174
172,245,174
172,250,163
172,250,155
173,255,148
173,255,141
173,255,134
173,249,130
173,249,121
173,248,117
174,255,109
174,253,104
174,255,93
174,252,88
176,249,82
177,248,77
0,201,89
4,175,102
9,164,112
13,162,115
15,160,124
17,166,121
19,159,122
20,151,127
21,149,127
22,151,123
24,151,118
25,145,118
26,143,121
27,141,119
28,139,123
30,135,125
30,129,130
30,128,136
31,126,144
32,127,149
32,127,148
32,131,144
33,134,147
33,127,150
33,118,151
33,118,151
33,122,152
33,119,154
31,113,156
30,114,157
28,124,154
27,145,139
27,150,138
27,123,164
29,97,184
31,92,186
33,90,189
34,83,193
34,69,192
29,65,177
22,78,154
22,101,137
26,95,172
30,81,209
37,77,241
39,83,250
40,84,255
39,85,253
37,82,251
36,81,251
37,83,251
38,85,250
38,87,251
38,87,252
37,83,251
37,83,251
38,89,253
38,93,250
35,102,236
34,104,226
33,98,223
28,93,214
22,121,167
12,187,127
3,255,120
178,248,141
176,243,146
175,246,147
174,245,150
171,254,186
171,254,184
171,252,185
171,251,184
171,252,181
171,255,177
171,255,174
171,252,170
172,249,165
172,253,156
172,255,150
173,253,145
173,253,136
173,251,131
173,253,121
173,248,117
174,255,109
174,253,104
175,250,94
175,241,91
176,255,80
177,255,75
0,208,86
4,173,103
9,154,119
13,160,116
15,166,120
17,166,120
20,157,122
21,153,123
22,145,125
23,143,123
24,146,119
25,144,119
26,145,120
27,141,119
28,140,122
30,135,125
30,131,132
30,129,138
31,126,144
32,127,149
32,127,148
33,133,148
33,133,149
33,131,150
33,124,150
34,122,149
34,123,151
33,124,154
31,117,155
30,115,155
28,123,155
27,134,150
27,141,146
27,125,161
30,95,183
31,88,189
33,87,187
35,81,193
34,70,190
29,66,174
22,83,147
22,101,134
27,91,173
31,81,212
37,77,243
39,81,246
40,81,254
39,81,254
37,77,251
36,77,249
37,80,249
37,81,250
38,83,251
38,83,252
37,82,251
37,83,251
38,89,252
38,93,249
35,106,238
33,107,228
33,99,222
28,94,211
22,118,168
12,181,127
2,249,118
178,248,140
175,250,142
174,246,145
175,245,148
171,252,185
171,254,184
171,251,184
171,251,184
171,254,180
171,254,178
171,252,176
171,248,173
171,249,167
172,253,158
172,253,152
172,252,148
173,253,139
173,251,133
173,253,124
173,251,119
174,255,111
174,253,104
175,255,94
175,246,89
176,255,80
177,252,76
0,205,87
4,172,104
9,153,120
13,159,117
14,160,121
17,164,121
20,157,122
22,153,122
23,143,123
23,141,123
24,145,120
26,143,118
26,145,120
28,146,117
28,141,121
30,139,125
30,135,132
30,129,138
32,129,146
32,127,149
32,129,150
32,131,148
33,139,147
33,133,151
34,123,151
34,124,150
34,129,150
33,126,152
32,122,155
31,119,156
29,116,158
28,125,153
27,130,155
28,113,170
30,90,186
32,87,187
35,88,183
36,81,190
34,72,185
31,71,168
23,83,141
23,102,135
28,88,177
32,79,215
37,77,245
39,80,248
40,81,255
39,78,254
37,74,250
36,72,249
37,75,249
37,78,250
39,81,251
39,81,252
37,82,252
37,83,251
38,89,251
37,96,246
35,107,234
33,107,228
32,100,224
28,94,212
22,120,166
12,178,126
2,242,119
177,248,139
175,248,142
174,246,145
175,245,148
171,254,184
171,252,183
171,254,183
171,254,183
171,255,179
171,252,179
171,251,177
171,248,173
171,250,166
172,253,158
172,255,152
172,250,149
172,253,141
173,251,136
173,251,126
173,249,120
174,255,111
174,255,103
175,255,93
175,249,88
176,255,79
177,252,74
0,203,88
4,170,105
9,154,119
13,162,115
14,162,120
17,164,121
21,155,120
22,154,121
23,147,123
24,146,122
24,141,119
26,143,118
26,146,119
28,146,117
28,139,123
30,139,125
30,135,132
32,135,140
32,129,146
32,126,150
32,126,150
32,131,148
33,140,146
33,137,151
34,127,153
34,128,151
35,133,151
34,133,152
33,127,155
32,120,157
30,113,158
30,112,159
30,109,164
30,98,177
32,90,188
34,86,186
37,86,184
37,82,189
35,73,185
31,75,166
25,86,139
26,101,136
29,86,180
33,82,219
38,77,247
40,80,252
39,81,255
39,79,253
37,74,250
36,72,249
37,74,250
37,78,250
38,81,250
38,81,249
37,80,251
37,83,250
38,89,251
37,98,243
34,109,229
33,110,225
31,100,222
28,96,213
22,116,167
11,179,127
1,240,118
177,248,139
175,248,142
174,248,144
175,246,147
171,252,183
171,252,183
171,254,183
171,254,183
171,255,179
171,254,178
171,252,176
171,252,173
171,252,165
171,255,157
172,255,152
172,253,150
172,251,144
172,248,138
173,249,130
173,247,122
174,255,112
175,255,105
175,255,93
175,252,87
176,255,80
177,248,75
0,201,89
4,170,105
9,154,116
13,163,114
14,162,120
17,164,121
21,155,120
22,154,121
23,148,122
23,147,123
24,141,119
25,144,119
26,141,119
27,146,119
28,137,125
30,137,127
31,135,134
32,135,140
32,129,146
32,126,150
32,127,149
33,133,148
33,139,147
33,137,149
33,127,150
34,128,151
34,133,151
34,136,154
33,129,156
32,122,155
31,114,155
30,108,160
30,104,167
31,97,176
33,90,181
35,88,183
36,84,183
37,80,187
35,74,189
31,74,170
26,87,144
26,96,141
30,86,183
34,85,220
38,80,246
40,82,253
39,81,254
39,81,253
37,74,250
35,74,249
37,74,250
36,77,250
37,80,251
37,81,249
37,80,248
36,82,250
37,86,251
36,95,242
33,109,224
32,110,221
31,100,221
28,96,212
21,115,171
11,177,128
1,240,119
177,248,139
175,248,142
174,248,144
174,248,147
171,254,182
171,254,182
171,254,180
171,254,180
171,255,179
171,254,178
171,254,175
171,254,172
171,253,164
171,255,160
171,253,154
172,252,151
172,252,147
172,246,141
173,249,132
173,249,123
174,255,113
174,255,106
175,255,94
175,252,87
176,252,81
177,245,76
0,198,89
4,168,106
9,153,117
13,162,115
14,160,121
17,162,123
21,157,122
22,157,122
22,149,125
23,147,123
23,142,122
24,145,120
26,139,121
27,143,121
28,137,125
30,137,127
31,136,133
32,135,140
32,129,146
33,126,152
33,122,150
32,127,148
33,133,149
33,134,148
32,128,147
33,128,149
33,136,152
33,137,155
33,128,155
32,122,155
31,115,153
31,110,155
30,105,160
31,98,170
32,91,179
33,88,180
34,83,181
34,78,186
34,72,191
31,69,180
27,78,154
29,87,147
32,86,190
35,85,221
39,81,245
40,82,252
39,81,254
39,81,253
37,75,252
37,74,251
36,76,252
37,79,252
36,81,251
36,82,250
37,80,250
36,81,251
37,86,253
36,94,241
34,108,221
32,109,218
31,97,220
27,96,213
21,120,172
11,179,127
2,249,119
177,246,141
175,244,145
174,245,146
174,246,148
171,255,181
171,255,181
171,255,179
171,254,180
171,255,179
171,255,177
171,255,174
171,255,170
171,255,164
171,253,161
171,252,155
172,250,152
172,252,147
172,244,144
173,247,133
173,249,126
174,255,116
174,253,108
175,255,97
175,249,88
176,255,79
177,248,75
0,200,88
4,170,105
9,153,117
13,162,115
15,164,120
17,160,124
21,154,124
22,155,123
22,149,125
22,149,125
23,144,122
23,143,121
25,141,121
27,139,121
28,138,124
30,139,125
31,137,132
33,137,140
33,129,148
34,126,154
34,122,153
33,127,151
33,133,150
32,134,147
32,129,146
32,127,148
33,134,152
33,136,156
33,130,157
32,124,156
31,110,156
30,114,143
30,116,143
29,100,161
30,87,176
30,88,174
29,86,171
30,77,178
31,68,188
31,64,188
28,68,166
29,77,156
33,81,196
37,83,225
39,81,245
40,81,250
39,81,254
39,79,253
37,75,252
37,74,251
36,76,252
37,79,253
35,80,251
35,80,251
35,80,251
36,81,251
37,83,252
35,91,239
33,107,217
32,107,215
30,96,220
27,95,214
21,123,168
11,188,126
2,255,117
178,246,141
175,241,147
174,245,149
174,250,148
171,255,181
171,255,178
171,255,179
171,254,180
170,255,177
171,255,177
171,255,174
171,255,170
171,255,163
171,255,158
171,253,154
172,252,151
171,255,147
172,248,144
173,247,135
173,247,127
173,255,117
174,250,110
175,255,97
175,252,87
177,255,77
177,255,73
0,202,87
4,170,105
9,153,117
13,162,115
15,165,119
18,165,122
21,160,123
22,158,123
21,151,125
22,150,124
22,147,123
23,145,121
24,145,120
26,142,122
28,137,125
30,138,126
33,139,132
33,137,140
34,127,147
35,123,154
35,119,154
34,123,151
33,133,148
32,132,147
31,125,145
32,128,147
32,136,150
32,137,153
32,131,156
31,122,157
30,109,154
28,124,134
27,135,125
26,116,149
26,97,173
26,100,169
26,102,160
26,91,166
29,65,184
31,53,191
28,56,173
31,67,159
35,77,198
37,79,227
40,76,247
41,76,248
39,77,252
39,74,252
38,72,251
37,71,251
37,72,251
35,73,250
35,78,250
35,80,251
35,80,251
36,82,250
37,83,252
35,90,241
33,100,219
31,103,216
30,93,222
26,96,216
21,125,169
12,196,125
2,255,116
179,246,140
176,246,144
175,248,146
174,252,147
171,255,179
171,255,178
171,255,179
171,252,179
171,254,178
171,254,176
171,254,174
171,253,169
171,255,162
171,253,158
171,253,154
172,252,151
172,255,144
172,248,142
173,247,135
173,247,129
173,253,118
174,248,111
174,250,96
175,252,87
177,255,77
178,252,73
0,200,88
4,168,106
9,151,118
13,162,115
15,165,119
18,164,120
21,157,122
22,159,122
21,152,124
22,149,125
23,148,122
24,149,120
25,142,120
26,142,122
28,135,127
30,137,127
33,138,133
33,137,140
34,131,148
34,122,152
35,120,153
34,122,149
33,132,145
32,130,145
31,128,145
31,132,145
32,139,147
32,137,149
33,128,155
31,112,157
28,92,156
26,106,132
24,139,117
24,122,138
24,103,168
24,102,165
24,108,153
24,93,156
27,61,181
27,48,191
26,51,174
30,63,155
35,70,194
39,74,226
41,74,246
41,76,248
40,75,253
39,74,252
37,71,251
37,71,251
37,72,251
35,73,250
34,75,249
34,75,249
35,77,251
35,81,249
36,82,252
35,86,244
33,98,224
31,100,221
31,94,224
27,94,216
21,123,172
11,192,129
3,255,117
179,248,139
177,250,141
174,253,145
174,252,149
171,255,178
171,255,178
171,254,178
171,252,179
171,252,176
171,254,174
171,253,169
171,255,166
171,253,163
172,253,158
172,255,155
172,255,149
172,253,143
173,244,141
173,246,136
173,249,128
173,247,121
173,248,109
174,255,95
174,255,87
177,255,78
178,248,74
0,198,89
5,169,107
9,155,120
12,159,119
15,157,122
18,155,123
20,147,125
22,147,123
22,151,123
23,148,122
24,146,122
26,150,117
26,148,117
27,145,120
28,135,128
30,137,130
32,139,136
33,140,140
33,134,146
33,127,150
33,119,150
33,120,149
34,124,146
32,130,145
30,143,143
30,143,144
31,134,147
32,127,149
35,118,156
34,95,158
27,65,152
20,80,131
20,130,106
22,130,126
23,105,165
24,96,175
24,93,164
23,88,151
22,63,167
22,53,179
22,58,163
28,64,152
35,64,195
39,71,224
41,74,244
41,76,248
40,75,251
38,73,250
37,75,251
37,74,251
36,76,252
36,76,252
33,72,249
33,72,249
35,76,249
35,80,251
34,81,249
34,87,247
33,95,238
34,101,232
33,98,224
28,93,213
20,125,178
12,195,132
2,255,117
179,246,138
176,246,144
174,246,149
174,250,150
171,255,178
171,255,176
171,255,177
171,252,176
171,251,175
171,252,172
171,255,168
172,253,164
172,253,162
172,253,158
172,255,155
172,253,150
172,246,145
173,241,142
173,244,137
173,247,129
173,247,121
173,250,109
174,255,95
174,255,87
177,255,78
178,252,73
1,206,88
5,171,109
8,155,123
12,160,121
15,155,123
18,154,121
20,144,124
21,145,123
23,148,122
24,152,121
25,150,119
26,149,116
26,148,117
28,145,118
28,138,126
30,139,128
31,139,134
32,139,139
33,134,146
32,126,150
33,118,151
33,120,149
34,122,148
33,134,147
30,143,143
30,148,143
31,133,144
33,120,149
35,112,155
34,84,157
24,57,144
17,70,124
17,123,104
19,124,125
23,104,165
24,92,177
26,81,171
25,72,160
20,60,154
17,57,162
18,64,152
25,63,154
32,61,197
37,67,226
40,73,246
41,75,250
39,74,251
38,73,251
37,75,251
37,77,252
36,76,251
35,73,251
34,68,250
33,69,249
35,73,252
35,77,251
34,80,249
34,86,248
34,94,243
34,99,236
34,98,228
29,93,211
20,126,176
11,196,133
3,255,120
179,246,140
176,243,148
174,245,153
174,245,155
171,255,177
171,255,176
171,255,176
171,255,174
171,254,173
171,254,171
172,253,168
172,253,164
172,255,160
172,253,156
172,253,153
172,253,150
172,246,145
173,242,142
173,248,138
173,249,128
173,247,121
173,250,109
174,252,96
174,249,89
176,255,79
178,255,75
1,209,88
5,179,107
8,159,122
12,160,121
15,155,123
18,154,121
20,150,122
22,147,123
23,153,122
24,156,121
25,153,120
27,151,118
27,150,119
28,145,118
28,140,124
30,142,126
31,141,132
32,140,138
32,131,144
33,123,149
33,120,149
33,121,148
33,131,146
33,134,146
30,136,143
30,137,141
32,130,145
32,115,148
34,109,152
32,90,150
23,77,132
18,90,116
17,118,102
19,120,121
23,99,162
26,85,176
27,67,178
27,60,166
19,54,146
15,56,147
16,69,141
20,74,151
28,66,189
33,68,216
37,74,241
39,77,249
39,74,252
39,74,252
38,73,252
38,73,251
37,72,251
37,71,252
36,65,251
36,65,251
36,71,253
35,75,252
34,78,250
34,84,250
34,91,246
35,97,240
34,96,228
29,92,211
19,125,176
10,192,134
2,255,122
178,244,143
175,245,152
174,245,157
173,245,161
171,255,177
171,255,176
171,255,174
171,254,173
172,255,170
171,255,170
172,255,166
172,253,164
172,253,160
172,253,156
172,253,153
172,250,149
173,250,144
173,246,140
173,249,137
173,249,130
172,249,122
173,248,111
174,247,100
175,244,92
176,255,82
178,252,76
1,211,87
5,182,105
8,163,119
12,164,118
15,161,122
19,158,121
21,154,121
22,151,123
24,155,123
24,155,122
25,152,121
26,150,121
27,148,121
28,145,120
28,138,126
30,141,127
31,141,132
32,141,137
32,132,143
33,124,148
33,121,148
33,123,145
33,128,143
32,131,144
30,137,138
30,143,132
30,141,134
31,128,145
31,111,149
29,97,145
25,87,129
18,89,118
15,108,106
18,118,112
23,106,147
26,89,169
29,61,180
29,49,168
24,41,149
16,46,144
13,70,138
17,86,143
23,79,178
29,74,204
35,75,236
38,79,248
39,76,252
40,74,254
38,73,252
37,71,251
37,71,251
37,69,252
37,63,251
37,63,251
36,70,252
35,73,253
35,75,253
35,81,252
35,90,246
35,94,238
35,94,230
29,91,212
19,125,175
10,190,137
2,253,125
178,245,147
175,248,154
174,249,159
173,249,164
171,255,177
171,255,177
172,255,174
172,255,172
172,255,169
172,255,167
172,252,165
172,252,163
172,252,158
172,253,153
172,253,151
172,252,148
172,250,145
172,244,144
172,249,139
172,249,133
172,247,125
173,248,113
174,252,100
174,250,93
176,252,83
178,248,78
1,209,89
5,183,106
8,163,119
12,166,117
15,162,121
19,159,120
21,159,120
22,155,123
24,155,123
24,157,122
25,154,121
26,152,121
27,148,121
28,143,121
28,134,129
30,139,128
31,141,132
32,141,137
32,131,144
33,123,149
33,120,149
33,119,146
32,116,145
31,119,144
29,137,134
28,173,121
28,189,120
28,158,140
29,122,151
28,100,148
22,77,142
16,73,129
10,90,111
13,122,100
20,126,128
25,98,158
31,59,182
35,46,178
32,27,151
15,33,139
11,67,134
15,89,138
20,87,173
26,80,203
33,75,231
37,79,245
39,76,252
40,74,254
38,72,252
37,68,250
35,67,250
36,65,251
36,63,251
36,63,250
35,67,251
36,70,253
35,73,252
35,80,251
35,88,246
35,93,241
35,91,232
30,86,213
19,122,176
9,183,139
2,245,129
177,247,151
175,250,157
173,252,162
173,250,169
171,255,177
171,255,174
172,255,172
172,254,171
172,255,167
172,255,166
172,253,164
172,253,161
172,253,157
172,255,152
172,255,150
172,253,147
172,250,145
172,248,144
172,248,140
172,247,134
172,245,128
173,251,115
174,255,102
174,252,94
176,255,82
178,252,77
2,212,90
5,179,108
8,162,120
13,170,117
15,164,120
18,162,121
21,159,120
22,157,122
24,155,123
24,157,122
24,157,122
26,154,119
27,149,120
28,143,121
28,135,128
30,139,128
31,142,131
32,143,136
33,136,144
32,127,149
33,119,150
33,118,147
33,112,146
31,116,143
29,135,132
27,181,114
27,218,111
26,178,133
27,129,152
27,97,152
24,71,151
17,63,138
6,76,114
10,117,94
18,133,115
22,95,155
30,52,186
36,38,186
35,18,155
14,24,136
9,57,130
14,84,142
19,85,182
25,80,208
33,78,230
37,80,243
39,76,252
40,73,253
37,69,251
35,68,249
34,67,249
34,66,250
35,64,250
36,65,250
36,65,252
35,67,251
35,71,249
35,78,249
35,88,247
35,92,245
35,90,236
30,85,215
19,117,178
9,181,141
1,241,132
177,247,153
174,249,161
173,250,167
173,249,173
171,255,176
171,255,174
171,255,172
171,254,171
171,255,167
171,253,164
172,253,162
172,253,158
172,255,155
172,255,151
172,255,149
172,253,147
172,251,144
172,250,143
172,250,141
172,247,135
172,245,130
172,251,117
173,255,104
174,247,97
176,255,85
178,252,80
1,216,91
5,187,109
9,166,121
13,171,118
15,164,120
18,164,120
21,158,121
22,157,122
24,157,122
24,155,122
24,157,122
26,156,118
27,149,120
28,142,122
28,138,126
30,139,128
31,145,132
32,143,137
33,139,143
33,133,148
33,124,150
33,118,147
34,121,146
32,117,144
28,126,136
26,161,119
25,207,112
24,176,129
26,124,148
27,93,153
27,66,150
22,54,136
7,72,114
8,105,97
16,126,113
19,84,157
26,42,187
35,24,183
34,13,153
14,24,137
11,54,132
15,77,143
20,82,184
25,77,214
33,76,234
37,79,245
39,74,253
40,73,253
37,69,251
35,68,249
33,69,249
33,68,250
34,68,250
35,67,251
35,64,251
35,64,250
35,70,249
35,76,248
35,86,247
36,90,245
37,87,239
30,82,217
19,116,180
9,178,143
1,236,133
177,245,154
174,249,163
173,248,171
173,249,177
171,255,174
171,254,173
171,254,171
171,253,169
171,255,165
171,255,162
172,255,160
172,255,156
172,255,154
172,255,151
172,253,150
172,252,148
172,250,148
172,248,146
172,250,143
172,248,138
172,245,130
173,251,119
173,253,107
174,250,99
176,247,93
179,246,83
1,216,92
5,189,108
9,168,120
13,169,119
16,166,121
18,162,121
21,154,121
21,155,122
22,155,123
24,155,123
24,153,123
26,154,119
27,149,120
28,139,123
28,137,127
30,138,129
32,143,136
33,143,139
33,140,144
33,134,146
33,126,148
34,127,147
35,125,147
33,119,146
29,109,138
25,139,123
23,182,112
23,165,125
25,122,146
26,93,157
28,64,152
24,51,135
8,60,111
6,89,97
13,114,110
15,75,153
20,36,182
23,23,177
21,23,145
14,36,135
13,65,129
17,87,132
22,88,174
27,78,208
33,77,233
37,79,244
40,74,254
40,70,254
37,69,252
35,68,249
34,70,250
33,69,250
34,70,252
35,69,252
35,65,249
35,64,251
35,67,252
35,73,250
36,87,246
36,90,243
37,88,238
30,82,218
19,115,182
9,178,145
1,236,135
177,245,157
174,249,165
173,248,174
172,249,180
171,255,174
171,255,171
171,255,170
171,255,168
172,255,164
171,255,162
171,253,161
171,252,159
171,252,157
172,255,151
172,255,149
172,253,147
172,248,149
172,250,145
172,251,142
172,251,138
172,247,132
172,247,123
173,253,111
174,252,100
176,250,94
178,249,87
1,224,91
5,189,109
8,169,121
12,172,120
15,170,120
18,164,120
20,153,120
21,149,123
22,153,125
24,154,124
24,153,123
26,150,121
26,141,123
28,139,123
28,137,127
30,136,131
32,144,136
33,148,138
33,143,144
33,135,149
34,128,151
34,129,150
35,138,146
34,125,145
30,101,136
26,108,127
22,144,113
21,145,120
23,120,145
25,100,151
31,68,149
30,49,135
14,44,111
5,60,98
9,90,108
11,68,138
11,41,167
12,34,164
13,51,145
15,63,133
15,79,135
20,93,137
25,92,164
30,86,193
34,78,233
37,78,247
40,73,253
40,69,253
39,67,251
37,68,250
35,71,249
35,73,251
35,73,252
35,70,251
35,64,250
34,64,251
35,67,250
35,74,248
36,87,246
37,91,245
37,87,239
30,82,218
18,117,181
9,175,147
1,234,136
176,244,160
174,249,168
173,252,173
172,247,182
171,255,173
171,255,171
171,255,168
171,253,167
171,255,163
171,255,162
171,253,161
171,250,158
171,252,157
171,253,154
172,255,151
172,253,150
172,250,149
172,251,144
172,253,143
172,251,138
172,249,133
172,251,123
173,251,114
174,253,103
176,255,94
177,249,89
0,220,94
4,188,111
8,170,123
12,172,120
15,166,120
17,164,121
19,152,124
21,149,123
22,150,124
23,151,123
24,150,122
26,151,120
26,142,122
28,141,121
30,136,124
30,137,130
32,145,135
33,149,137
33,143,144
33,135,149
34,133,150
34,133,149
34,143,141
33,127,141
30,102,135
25,103,129
20,133,113
20,151,113
22,135,138
24,107,152
29,72,152
30,51,139
17,41,119
5,53,106
7,86,107
9,81,126
12,61,150
14,60,153
15,74,145
19,81,142
21,81,151
26,89,154
29,89,169
32,89,191
36,84,227
38,80,245
39,73,253
40,69,253
39,65,251
37,66,251
36,70,251
35,70,250
35,70,251
35,69,251
34,65,249
34,64,250
35,67,250
35,74,248
36,87,247
37,90,246
37,87,240
30,82,219
18,118,179
8,179,147
0,235,137
177,244,162
174,248,170
172,251,176
172,247,184
171,255,173
171,255,171
171,253,169
171,252,168
171,255,162
171,255,161
171,255,160
171,252,157
171,252,157
171,253,154
171,253,152
172,252,151
172,253,147
172,251,144
172,253,143
172,251,138
172,251,132
172,251,123
173,253,113
174,253,104
175,255,96
177,246,90
0,216,97
3,180,116
7,163,125
11,171,122
14,167,122
17,159,122
19,151,125
21,149,123
22,150,124
23,153,122
24,152,121
26,148,119
26,145,120
28,144,119
30,136,124
30,137,130
32,145,135
33,149,137
33,143,144
33,134,150
34,133,150
34,133,149
33,141,139
33,128,139
29,110,137
24,118,134
20,153,115
20,186,103
22,169,124
24,127,150
28,81,154
26,58,145
16,51,129
9,65,113
10,103,106
11,113,117
16,103,136
19,99,141
20,92,156
23,88,165
28,74,178
32,79,184
34,89,197
36,93,205
37,88,230
38,80,247
39,73,253
39,68,252
39,65,252
37,63,250
35,67,251
34,68,250
34,66,250
34,67,249
34,65,249
34,66,251
35,69,250
36,77,250
36,86,248
37,90,247
37,87,240
30,82,219
18,116,181
8,172,151
0,228,143
176,238,168
174,241,178
172,245,183
172,243,190
171,254,174
171,253,169
171,252,168
171,252,166
171,255,162
171,255,161
172,255,159
171,253,158
171,252,157
171,253,154
171,255,153
172,252,151
172,253,147
172,251,144
172,251,144
172,251,140
172,251,133
172,253,124
173,255,114
174,255,106
175,255,96
177,249,92
179,219,99
3,181,117
7,164,126
11,167,122
14,167,122
17,160,121
19,152,124
21,149,123
22,150,124
23,147,123
24,152,121
26,148,119
26,145,120
28,144,119
30,135,125
31,138,131
32,144,135
33,147,139
33,138,146
33,133,151
34,132,151
33,129,148
32,134,141
30,129,138
28,127,137
25,134,133
21,162,115
19,213,98
21,198,112
23,139,143
26,91,154
25,77,146
18,76,127
15,102,107
14,140,102
15,141,119
19,125,139
21,122,146
24,99,165
29,86,175
33,81,195
36,85,206
37,89,217
38,95,220
38,90,232
38,83,244
39,73,252
39,67,251
38,64,251
37,63,251
35,64,250
34,66,250
33,63,249
33,63,249
33,63,250
34,66,252
35,69,251
36,76,251
36,86,248
36,89,246
36,86,239
29,83,220
17,117,183
7,171,154
0,229,145
176,240,172
173,242,181
172,247,184
171,247,190
171,254,173
171,255,168
171,255,166
171,253,164
171,253,163
171,255,162
171,255,160
172,253,158
172,252,157
172,250,155
172,252,154
172,252,153
172,253,147
173,250,144
173,250,144
173,251,140
172,251,133
172,253,124
173,255,114
174,253,107
175,255,99
177,250,93
179,223,97
3,184,115
7,165,125
10,169,124
14,167,122
17,164,121
20,158,121
21,156,121
22,150,124
23,151,123
24,152,121
26,149,118
26,140,120
28,139,119
30,132,126
31,134,131
32,139,136
33,142,140
33,134,146
34,132,151
34,124,150
33,126,148
33,135,145
31,138,139
28,141,136
25,145,135
21,169,122
19,205,102
21,201,108
22,147,137
24,108,154
23,106,140
21,124,119
19,155,105
18,171,109
19,154,129
22,132,151
25,118,158
28,97,177
33,89,192
37,85,207
39,86,217
40,89,231
40,92,236
39,89,241
39,82,249
39,74,251
39,70,251
37,66,250
36,65,251
34,66,251
33,63,250
32,60,249
33,61,249
33,63,251
34,66,253
35,69,251
36,76,251
36,86,248
36,90,245
35,85,237
28,83,219
16,116,187
6,171,158
178,231,151
175,241,177
173,244,185
171,250,188
171,250,193
172,255,171
172,255,167
171,255,165
172,255,163
171,253,163
172,253,162
172,255,160
172,255,160
172,255,157
172,253,156
172,253,156
172,252,153
172,253,147
173,250,144
172,251,142
173,251,140
172,251,133
172,253,126
173,251,116
174,250,110
175,253,102
176,250,95
179,224,98
3,187,116
7,168,126
10,169,124
13,162,124
17,165,122
19,160,121
22,162,120
22,156,124
23,153,122
24,152,121
26,149,118
26,140,120
28,138,120
30,133,125
31,134,131
32,139,136
33,140,140
33,131,146
34,128,151
34,121,150
33,125,149
33,134,146
31,140,140
29,141,137
26,141,137
22,146,131
21,168,111
21,180,112
21,143,137
24,121,148
24,127,133
23,143,123
22,150,124
22,150,134
23,142,149
25,127,162
28,113,169
33,95,188
36,88,203
39,86,214
41,90,219
41,92,228
40,93,235
39,90,239
38,85,246
39,76,251
39,74,252
37,69,251
35,67,251
34,68,251
33,65,250
33,61,250
34,61,249
34,61,250
35,67,253
35,69,251
36,76,251
36,86,248
35,88,245
34,84,236
26,85,222
14,116,192
5,166,164
178,228,158
174,240,185
172,243,191
171,247,195
171,247,200
172,255,171
172,253,168
172,255,166
172,255,163
172,253,162
172,255,161
172,255,159
172,255,159
172,253,157
172,255,155
172,253,156
172,250,153
172,252,148
173,250,144
172,253,141
173,253,139
172,253,132
172,253,126
173,253,118
174,248,111
175,253,102
176,250,95
179,224,98
2,184,115
6,167,125
10,170,123
13,164,123
16,160,123
19,160,124
22,160,121
22,162,123
24,158,121
24,156,121
25,148,121
26,139,121
28,138,120
30,134,124
31,131,130
31,134,135
33,136,141
33,127,147
34,124,150
34,117,150
33,120,149
33,133,148
33,140,142
33,130,141
31,118,141
26,108,134
23,131,115
21,158,110
21,141,130
23,131,142
24,138,137
26,132,137
26,127,145
27,127,156
27,124,163
29,117,168
32,109,178
34,89,198
37,85,209
40,82,217
41,87,221
41,91,225
40,93,230
38,90,234
38,87,244
39,81,252
39,79,253
38,73,252
37,72,253
35,70,252
35,69,252
36,65,251
36,63,251
35,62,251
35,64,252
35,67,252
35,73,250
37,84,250
35,86,246
34,84,237
26,85,224
14,117,194
5,167,166
177,230,162
174,241,188
172,243,195
171,249,199
170,248,205
172,254,171
172,252,169
172,252,165
172,252,163
172,253,162
172,253,160
172,253,160
172,252,158
172,253,157
172,253,156
172,253,156
172,247,155
172,250,149
173,250,144
172,253,141
173,253,139
172,255,134
172,253,126
173,253,118
174,250,111
175,255,101
176,255,96
179,229,99
2,186,115
6,173,124
10,175,121
14,171,121
17,165,122
19,157,127
22,162,124
22,162,123
23,162,123
24,155,122
25,146,122
26,142,122
28,138,120
30,134,124
31,131,130
33,131,136
33,131,142
33,126,148
34,120,151
34,116,152
33,118,151
33,133,148
33,138,142
33,124,144
32,107,146
28,95,137
22,117,116
20,152,106
21,150,121
22,142,142
25,140,144
27,126,148
29,117,153
29,116,162
30,113,167
32,107,176
33,100,187
35,87,199
37,83,207
39,82,215
41,84,222
41,88,224
40,91,227
38,89,234
39,87,245
38,83,253
39,81,253
38,77,254
37,74,253
35,73,252
36,70,252
37,66,252
37,63,250
35,63,253
35,63,254
35,69,253
35,73,252
36,83,250
35,85,246
33,83,237
26,85,225
14,116,197
4,163,169
177,232,166
174,242,192
172,245,199
171,249,203
170,247,212
172,255,167
172,253,167
172,252,165
172,252,163
172,255,161
172,253,160
172,255,159
172,253,157
172,255,156
172,253,156
172,253,156
172,252,153
172,250,149
172,252,147
172,251,142
173,255,138
173,255,133
173,255,127
173,253,118
174,250,111
174,253,104
177,250,99
179,230,100
3,197,115
7,180,125
11,176,123
15,178,122
18,173,121
20,169,124
22,164,123
22,162,123
23,160,123
24,150,122
26,148,119
27,143,118
30,138,120
30,134,122
31,133,128
33,132,135
33,127,141
33,121,148
33,117,153
33,117,152
33,123,151
33,135,149
33,139,141
30,119,142
29,103,146
24,103,138
20,121,118
18,163,102
19,167,113
21,154,139
24,141,152
27,118,158
28,106,163
30,100,169
30,98,172
32,96,175
33,89,183
34,86,193
35,83,204
37,81,213
39,84,218
41,84,225
41,87,225
40,86,235
39,85,242
38,83,251
38,80,253
36,76,252
35,73,251
35,70,251
35,69,252
36,65,251
36,65,252
35,67,253
35,68,254
35,70,252
35,75,253
35,81,250
34,82,246
33,83,237
26,84,224
14,116,196
4,161,174
176,232,168
173,237,200
172,237,209
171,248,210
170,251,214
172,255,167
172,253,164
172,253,164
172,253,162
172,253,160
172,253,160
172,253,157
172,253,157
172,253,156
172,253,156
171,253,154
171,252,153
172,253,150
172,252,147
172,251,142
173,251,137
173,255,135
173,255,128
173,255,119
174,250,111
174,255,103
177,252,98
179,235,100
3,197,115
7,177,127
12,177,125
15,178,123
18,177,121
19,173,124
22,166,121
22,165,122
22,158,121
24,153,120
26,149,118
27,144,117
30,139,119
30,135,125
31,131,130
33,131,136
33,127,141
33,121,147
33,118,151
33,117,153
33,122,153
33,127,150
32,134,141
30,120,138
25,113,142
22,112,132
19,126,119
17,162,107
18,166,118
21,154,139
25,137,153
27,107,162
30,97,163
30,91,169
31,85,175
30,80,172
32,83,168
32,88,177
34,85,196
35,81,207
38,84,215
40,84,225
41,87,226
40,86,234
40,83,242
38,81,248
37,80,252
36,76,252
35,73,251
35,69,251
35,67,252
36,65,252
36,65,252
35,67,253
34,68,252
35,70,251
35,73,252
34,78,248
34,81,245
33,83,236
26,87,225
15,119,195
4,166,172
176,237,169
173,242,201
172,239,212
171,247,215
171,251,218
172,255,167
172,253,164
172,255,163
172,253,162
172,253,160
172,253,160
172,253,157
172,253,157
172,253,156
172,253,156
172,255,155
172,253,153
172,253,150
172,250,148
172,248,144
173,249,138
173,255,135
173,255,129
173,255,119
174,250,111
174,255,103
177,250,99
179,232,101
3,196,116
7,175,128
12,175,127
15,175,125
18,176,122
19,169,124
21,162,121
21,161,122
22,153,122
23,148,122
25,150,119
26,146,119
28,141,121
30,134,126
31,130,131
33,130,137
33,127,141
33,122,146
33,118,151
34,113,156
34,112,157
34,123,147
32,125,137
28,122,132
23,124,130
20,130,124
17,138,120
16,160,113
18,164,120
23,150,138
26,128,152
30,95,161
33,90,164
30,80,165
29,74,172
27,71,162
28,90,139
31,95,156
33,92,186
35,85,204
37,85,210
39,83,223
41,87,226
39,86,232
39,83,239
37,79,246
36,77,249
35,73,250
35,70,250
35,67,251
35,62,251
36,61,251
36,61,252
35,62,252
34,64,251
35,69,251
35,73,251
34,78,248
33,80,244
33,84,236
26,87,225
14,119,197
4,165,175
176,237,171
173,247,201
172,244,212
171,250,217
171,252,222
172,255,167
172,255,162
172,255,162
172,255,161
172,255,159
172,255,159
172,253,157
172,253,157
172,253,157
172,255,155
172,255,155
172,253,153
172,252,151
172,250,148
172,248,144
173,250,141
173,253,136
173,255,129
173,255,120
174,251,114
174,255,106
176,250,100
178,232,101
2,196,116
7,174,126
11,173,125
15,173,125
18,170,123
19,162,126
21,161,125
21,153,125
22,150,124
23,147,123
24,145,120
26,140,120
28,137,121
30,131,127
30,129,130
31,130,135
33,128,140
33,124,144
34,120,151
34,114,155
34,113,156
34,121,146
32,122,138
27,126,130
23,136,126
19,139,121
17,144,122
17,159,119
18,166,120
23,148,138
28,124,150
32,97,161
34,88,165
31,76,168
28,73,168
25,78,147
26,106,118
29,106,140
32,94,180
35,85,205
37,87,209
38,87,221
39,86,226
39,85,233
39,83,239
37,79,245
35,74,248
35,71,249
35,67,250
35,62,251
36,59,252
36,57,251
36,57,252
35,58,251
34,61,251
35,67,252
34,70,251
33,77,247
33,80,244
33,84,236
25,91,227
14,121,203
4,162,184
177,232,179
174,249,204
172,250,213
171,254,217
171,252,227
172,255,165
172,255,161
172,255,162
172,255,161
172,255,159
172,255,159
172,255,159
172,253,157
172,253,157
172,255,156
172,255,155
172,255,152
172,253,152
172,252,148
173,250,144
173,251,140
173,255,135
173,255,129
173,253,121
174,251,114
174,253,107
176,253,102
178,238,102
2,201,113
7,181,121
11,180,122
15,178,122
18,171,122
19,162,126
20,156,126
21,149,125
21,147,125
22,145,125
24,148,121
25,142,120
27,139,121
28,131,130
30,128,131
31,130,135
33,128,139
33,125,143
34,122,149
34,117,151
34,120,151
34,122,149
31,123,143
27,131,138
23,142,131
20,147,125
17,143,130
17,156,124
19,171,116
24,152,134
29,122,150
33,98,162
35,92,167
32,83,168
29,88,153
26,110,125
26,135,104
30,110,139
32,93,183
34,85,208
36,86,208
37,86,219
39,85,225
38,84,233
38,83,238
37,76,245
36,72,249
35,69,250
34,64,250
35,61,251
36,57,252
36,53,250
36,53,251
35,54,252
34,58,252
34,61,250
34,68,251
33,75,247
33,81,243
32,84,235
25,92,228
14,119,207
4,160,191
176,229,186
173,248,209
172,250,218
171,253,223
171,247,234
172,255,167
172,255,162
172,255,162
172,253,162
172,255,159
172,255,159
172,255,159
172,255,159
172,253,157
172,255,156
172,255,155
172,255,152
172,255,150
172,255,146
173,253,142
173,255,139
173,255,137
173,255,130
173,255,123
173,253,115
174,255,108
176,250,103
177,238,102
1,199,113
6,181,120
11,181,120
14,175,121
16,170,123
18,159,125
20,158,124
21,150,124
21,148,124
22,147,123
23,145,120
25,144,119
26,141,123
28,131,130
30,129,130
31,131,134
33,128,139
33,123,145
34,120,151
35,116,152
35,117,151
33,121,147
30,121,143
26,135,140
24,142,135
20,141,130
18,136,133
17,153,127
19,170,114
24,156,124
28,125,145
33,99,159
35,94,166
32,91,165
29,103,143
28,129,119
28,136,114
30,105,155
33,91,191
35,84,209
36,86,208
37,87,218
38,85,224
38,84,233
37,82,237
37,76,245
36,72,249
34,66,250
34,61,250
35,58,251
35,54,251
36,51,250
36,51,251
35,50,250
34,53,251
34,60,251
34,66,250
33,76,246
33,82,242
32,86,236
25,94,229
14,123,208
3,161,192
176,232,189
173,248,216
172,246,226
171,247,234
170,245,241
172,253,168
172,255,163
172,253,163
172,252,163
172,255,159
172,255,159
172,255,159
172,255,159
172,255,156
172,255,156
173,253,155
173,253,153
172,255,150
173,255,148
173,255,144
173,255,139
173,255,137
173,255,131
173,255,123
173,253,115
174,255,108
176,250,104
177,238,104
1,195,115
6,178,122
10,173,122
13,170,123
16,169,122
18,160,124
20,154,124
21,151,123
21,149,123
22,148,122
23,145,121
24,143,121
26,141,125
27,133,130
30,129,130
31,130,135
33,127,141
33,121,147
34,118,153
35,114,155
35,114,154
32,117,144
30,118,140
26,131,138
24,133,134
20,132,129
18,132,131
16,143,125
18,168,111
22,164,118
26,130,139
30,100,153
33,96,164
32,101,167
31,106,156
30,110,148
30,105,156
32,93,183
34,88,200
36,86,208
37,87,209
37,86,219
38,85,224
38,84,233
37,82,237
37,76,244
36,72,249
34,66,250
34,61,250
35,58,251
35,54,251
36,51,251
36,48,250
36,48,250
35,52,250
35,58,250
34,67,249
33,76,245
33,82,242
33,86,237
25,93,231
14,123,208
4,163,195
176,231,194
173,246,222
172,243,235
171,247,240
170,246,246
172,253,168
172,255,163
172,255,161
172,255,161
172,255,159
172,255,159
172,255,159
172,255,156
172,255,156
172,255,156
173,253,155
173,253,153
172,253,151
172,255,149
173,253,145
173,255,141
172,255,140
173,255,134
173,255,123
174,255,115
174,255,107
175,255,103
177,238,104
1,193,116
5,173,124
9,167,124
13,166,123
16,166,121
18,160,124
20,155,123
21,151,123
21,150,122
21,149,123
23,151,120
24,149,123
26,145,125
28,134,131
30,132,131
31,128,137
33,126,142
34,122,148
35,120,153
36,116,154
35,113,153
31,111,145
29,110,141
26,124,136
24,128,132
21,126,125
18,126,127
15,142,122
16,168,108
20,155,123
24,132,139
28,104,154
31,100,161
31,103,166
33,105,170
33,100,178
33,91,190
34,86,205
35,85,207
37,87,208
37,86,210
38,83,221
38,85,224
38,84,233
38,82,239
37,76,244
36,72,248
35,67,251
34,61,250
35,58,252
35,54,251
35,50,250
36,48,251
36,46,250
36,51,252
35,56,250
34,65,249
33,76,245
33,82,242
33,89,239
26,92,233
14,122,211
4,160,199
176,226,201
173,241,231
171,242,241
170,247,244
170,245,249
172,253,166
172,255,163
172,255,161
172,255,159
172,255,159
172,255,159
172,253,157
172,253,157
172,255,156
173,252,156
173,253,155
173,255,151
172,253,151
172,253,147
173,253,145
173,253,142
173,253,140
173,253,134
173,255,123
173,255,117
174,253,110
175,253,106
177,241,106
0,197,115
4,169,127
9,169,124
13,166,123
16,166,121
18,164,121
20,161,122
21,150,124
21,147,125
21,152,124
23,150,121
24,148,124
26,145,125
28,137,128
30,135,128
31,131,134
33,130,143
34,123,147
35,122,151
35,121,152
35,114,152
31,103,143
28,103,143
27,114,139
24,115,137
22,118,132
18,122,130
15,137,123
16,160,113
18,159,125
22,135,144
25,108,158
29,102,157
31,99,172
33,100,179
35,98,188
36,89,200
36,86,205
36,85,208
37,85,207
37,85,213
38,84,218
39,85,225
39,84,236
38,80,244
36,77,248
35,74,249
35,69,250
35,64,251
34,60,251
35,56,251
35,52,251
36,51,252
36,46,250
36,48,251
35,56,250
34,67,249
33,77,247
33,85,243
33,89,237
26,93,231
14,119,216
3,160,201
175,227,202
173,240,235
171,244,241
170,249,244
170,251,246
172,253,166
172,253,162
172,253,160
172,255,159
172,255,159
172,253,157
172,253,157
172,255,156
173,253,155
173,253,155
173,255,154
173,255,151
173,255,149
172,255,146
173,253,145
173,253,142
173,253,140
173,255,134
173,255,125
173,255,117
174,255,112
175,253,106
177,243,105
0,201,113
4,170,126
8,166,123
12,167,124
15,169,121
18,163,122
20,161,122
21,150,124
21,148,124
22,151,123
23,153,122
25,146,122
26,147,125
28,137,128
30,135,128
31,135,134
33,130,143
34,122,148
35,122,151
35,121,152
35,115,151
32,107,146
29,102,143
27,111,142
24,111,143
22,113,135
18,120,127
15,139,117
15,162,110
17,159,125
21,129,148
25,104,160
29,104,154
31,102,167
34,101,179
36,94,190
37,89,198
35,83,202
37,83,206
37,83,206
38,86,211
38,85,216
39,85,226
39,81,236
38,80,244
37,78,249
37,74,250
36,71,251
35,67,252
34,61,251
34,58,251
35,54,251
35,50,251
36,46,250
37,51,252
35,56,250
35,67,250
33,80,247
33,87,243
33,92,239
26,92,233
14,119,216
3,156,203
175,228,205
172,242,235
171,247,242
170,248,248
169,250,249
172,253,164
172,253,162
172,255,160
172,255,159
172,253,158
172,253,157
172,253,157
172,255,155
173,253,155
173,255,154
173,255,151
173,255,151
173,255,149
173,255,146
173,253,145
173,253,142
173,255,139
173,255,134
173,253,125
173,253,118
174,253,113
175,255,107
176,245,106
179,201,114
3,168,126
8,167,122
12,168,123
15,164,121
18,163,122
20,161,122
21,151,123
21,149,123
22,151,123
24,152,121
26,145,121
27,147,123
28,137,127
30,137,127
33,132,135
33,127,141
34,122,148
35,122,151
36,118,151
35,117,151
34,112,148
32,110,148
28,111,145
24,116,141
22,121,126
17,130,116
13,148,107
13,165,102
17,159,119
21,128,145
24,103,159
29,97,152
32,103,164
34,99,178
35,90,188
37,86,193
36,83,197
37,82,202
37,80,206
39,84,209
38,84,216
39,84,227
39,81,237
39,82,243
38,79,250
37,75,250
36,71,251
36,70,252
35,64,251
35,61,252
34,55,250
35,52,250
36,48,251
37,53,254
35,58,250
35,69,251
33,81,248
33,90,245
34,91,240
27,92,232
14,117,218
3,152,208
175,226,209
172,242,237
170,247,244
169,247,250
169,249,251
172,255,163
172,255,160
172,255,160
172,255,157
172,253,158
172,255,157
172,253,156
172,253,156
173,253,155
173,255,152
173,255,151
173,255,149
173,255,148
173,255,146
173,253,145
173,253,140
173,255,138
173,255,133
173,255,124
173,253,119
174,253,113
175,253,108
176,245,106
179,203,113
3,169,125
7,165,124
11,165,124
15,166,120
18,162,121
20,161,122
21,151,123
21,149,123
22,153,122
24,148,121
26,145,121
27,143,121
30,135,125
30,137,127
33,133,134
34,127,142
34,123,147
35,118,149
36,118,151
36,117,150
35,117,148
33,113,151
29,112,144
26,121,135
22,133,115
16,140,104
11,148,100
12,161,100
16,151,118
20,123,143
25,99,157
29,96,151
32,97,160
34,96,173
35,83,185
36,80,186
35,81,189
35,80,195
36,77,205
37,83,209
38,83,217
39,82,228
39,80,239
39,81,245
38,79,249
38,77,250
37,72,251
36,70,252
36,65,252
35,61,252
34,55,250
35,52,250
36,50,253
36,53,253
35,62,251
34,70,251
33,83,248
33,91,244
34,94,240
27,92,232
14,116,220
3,148,212
174,224,211
172,241,239
170,246,246
169,247,250
169,250,250
172,255,161
172,255,160
172,255,159
171,255,157
171,253,158
172,253,156
172,253,156
172,253,156
173,252,154
173,255,152
173,255,151
173,255,149
173,255,147
173,255,144
173,253,142
173,255,139
173,255,138
174,255,132
173,255,124
173,253,119
174,253,113
175,253,108
176,248,105
179,207,111
3,172,123
7,167,122
11,166,123
14,170,120
18,164,120
20,158,121
21,151,123
22,148,122
23,148,119
24,147,118
26,143,121
28,141,121
30,132,124
31,132,129
32,128,133
34,124,142
34,121,146
35,117,148
35,116,149
35,116,149
36,117,150
34,114,150
30,111,143
25,116,138
21,125,118
15,130,104
11,138,100
11,146,101
16,137,123
20,114,148
26,92,158
30,90,148
32,95,153
33,89,167
34,74,180
34,75,173
33,89,161
33,89,171
34,79,193
36,80,203
37,81,215
38,81,226
39,80,239
39,78,244
39,77,248
38,77,250
37,72,251
37,68,252
36,62,253
35,58,251
34,53,251
35,52,251
36,53,251
36,57,252
34,64,250
33,74,250
33,86,247
33,94,242
34,96,239
27,93,231
14,115,222
2,145,215
174,226,213
171,241,242
170,246,248
169,253,247
168,253,246
172,255,161
172,255,159
171,255,157
171,253,156
171,253,156
171,255,155
172,253,156
172,250,155
172,250,155
173,255,152
173,255,150
173,255,148
173,255,145
173,255,144
173,255,141
173,255,139
173,255,137
173,255,133
173,251,126
173,249,121
174,251,114
175,250,109
176,248,105
179,211,111
3,175,124
7,169,122
11,167,122
13,166,120
18,165,119
21,155,120
21,150,124
22,148,122
23,148,119
25,140,118
27,136,120
29,134,120
30,127,124
32,130,129
33,127,135
34,121,141
34,118,145
35,114,148
35,112,150
35,111,151
35,113,153
34,118,149
30,116,141
27,111,142
22,112,128
17,125,112
13,139,101
13,154,101
18,141,123
22,116,150
28,96,160
31,97,150
32,98,153
33,86,167
32,69,174
32,77,156
30,104,127
31,101,144
32,82,183
34,78,205
35,77,219
37,78,228
38,77,239
39,78,246
39,77,247
39,75,249
38,72,251
37,66,252
37,61,253
36,56,253
35,52,251
35,52,251
35,54,251
35,61,251
33,66,248
33,77,250
33,88,247
33,93,243
33,95,239
27,92,234
14,113,225
1,141,217
174,228,214
171,241,244
169,246,251
168,254,246
168,255,244
172,255,160
172,255,159
172,255,156
171,255,155
171,255,155
172,255,152
172,253,153
172,248,156
172,250,155
172,252,152
173,255,149
173,255,148
173,255,145
173,253,142
173,253,140
173,253,138
173,253,138
173,253,134
173,249,127
173,247,122
174,248,115
175,250,109
176,250,107
179,213,110
3,176,123
7,169,122
10,166,126
13,163,122
18,159,120
20,153,120
20,148,124
21,146,122
23,144,119
25,139,119
27,135,121
30,132,120
31,128,126
32,127,129
33,121,135
34,118,141
34,114,145
34,109,148
34,106,151
34,105,153
34,111,154
33,116,150
30,119,142
28,118,141
24,117,131
21,129,121
17,141,110
17,158,108
21,156,126
24,133,150
28,109,159
31,106,156
31,102,158
32,87,168
32,69,173
31,75,150
28,116,119
28,110,135
29,83,178
32,78,200
35,79,214
37,81,216
37,80,226
39,79,237
39,75,247
39,75,249
39,70,252
38,64,252
37,59,253
36,54,251
35,50,250
35,50,250
35,54,251
34,61,250
33,69,248
33,79,249
32,87,245
33,95,243
33,95,240
27,91,236
13,111,230
1,139,220
173,228,214
171,243,243
169,246,252
168,254,247
168,253,246
172,255,159
172,255,156
171,255,155
171,255,153
171,255,153
172,255,152
172,253,153
172,248,156
172,248,155
172,252,152
173,255,149
173,255,148
173,255,144
173,255,141
173,255,138
173,255,137
173,255,137
173,255,133
174,255,127
174,251,120
174,253,115
175,255,108
176,255,105
179,217,108
3,183,121
8,173,122
10,165,127
13,160,124
17,159,122
19,155,122
20,149,123
22,148,122
23,145,121
25,137,121
27,134,122
29,129,121
30,122,125
32,126,130
33,121,135
34,117,142
34,114,146
34,111,149
34,106,152
34,107,155
34,112,153
33,113,154
31,119,144
30,125,133
27,124,125
23,123,126
19,132,126
20,146,122
22,145,139
25,136,152
29,116,158
30,108,160
31,102,162
32,90,168
31,72,174
31,76,158
29,94,144
29,95,153
32,79,190
33,80,204
34,82,208
36,85,208
37,80,220
37,76,235
39,74,248
39,73,250
39,67,251
38,63,252
37,55,252
36,53,251
35,48,250
35,48,250
34,53,251
34,60,250
33,70,247
33,80,247
33,90,245
34,97,242
33,95,239
26,92,238
13,110,231
1,138,221
173,230,211
170,247,240
169,247,251
168,253,248
167,253,247
172,255,157
172,252,154
172,253,152
172,253,152
172,255,150
171,255,151
171,255,153
172,252,154
172,253,152
172,253,151
173,253,149
173,255,146
173,253,142
172,255,140
173,255,139
173,255,137
173,255,137
174,255,133
174,255,128
174,253,123
175,255,117
175,255,111
177,253,105
0,218,110
4,185,124
8,176,126
11,171,127
14,165,124
16,154,124
18,153,125
20,154,124
21,156,121
22,157,122
25,148,121
26,137,123
28,133,121
29,126,123
30,120,127
32,120,136
33,117,139
34,116,147
34,115,149
35,111,156
35,109,159
33,112,155
33,112,155
33,117,146
31,118,136
28,121,129
24,119,133
20,121,135
20,134,133
22,143,141
25,133,151
28,108,160
31,104,159
32,100,168
33,94,168
32,79,178
32,78,174
33,78,176
34,79,190
37,83,205
37,87,208
35,89,206
35,87,203
35,79,219
35,73,232
37,70,247
39,67,250
37,62,250
37,60,252
36,53,251
36,51,252
35,48,250
35,48,249
34,49,249
34,58,249
34,69,248
34,82,247
35,94,246
34,97,242
33,93,237
25,91,239
13,110,231
2,136,223
173,217,217
170,238,244
168,250,246
167,255,247
167,255,246
172,255,154
172,253,153
172,253,152
172,252,151
171,255,151
171,255,151
172,255,152
171,255,153
172,253,152
172,255,150
172,255,149
172,253,147
172,250,143
173,250,141
173,253,140
173,253,138
173,253,138
174,253,134
174,253,129
174,255,124
174,255,118
175,255,113
177,255,106
179,222,109
3,182,125
7,177,127
11,171,127
14,166,123
15,152,126
17,149,125
19,153,125
21,155,123
22,157,122
24,149,123
25,138,124
27,133,123
28,123,126
30,120,128
31,118,136
32,120,140
33,117,148
35,121,152
35,117,157
35,115,160
33,116,154
33,113,154
33,115,148
32,111,140
29,112,134
24,114,139
20,125,135
20,139,127
22,152,131
25,134,147
27,109,159
31,100,160
33,94,169
33,91,168
32,82,171
32,77,175
34,71,186
37,76,198
39,85,207
39,92,207
37,90,208
36,85,210
35,75,225
36,69,236
37,67,247
39,65,251
37,60,251
36,54,250
36,51,251
36,48,251
35,48,251
35,48,251
34,49,250
34,55,249
35,69,250
35,81,249
36,95,247
35,98,243
33,91,237
25,90,238
13,112,228
2,134,226
173,213,219
170,239,242
168,252,244
167,255,247
167,255,246
172,255,154
172,255,152
172,255,151
172,255,151
171,255,151
172,255,150
172,255,151
172,255,152
172,255,151
172,255,150
172,255,149
173,252,146
173,250,144
172,251,142
173,253,140
173,253,138
173,255,137
174,255,133
173,255,129
174,255,124
174,255,120
175,253,114
176,255,106
178,222,109
2,179,124
6,169,127
10,166,126
13,162,121
15,149,127
16,145,125
18,149,125
20,148,124
22,150,124
24,145,123
25,138,124
27,129,123
28,128,126
30,119,129
31,121,137
32,122,140
33,125,149
35,123,153
35,120,157
35,119,159
34,115,158
33,112,155
33,117,146
32,116,141
29,109,138
25,109,143
21,117,135
20,142,124
22,157,127
24,132,147
26,109,159
29,94,158
32,83,168
31,79,161
29,80,150
29,78,161
35,72,187
38,74,202
41,85,213
41,90,210
38,87,210
37,84,213
37,75,230
37,72,241
39,68,251
39,65,253
37,57,252
36,53,251
35,48,250
35,45,250
35,48,251
35,50,251
34,47,251
34,53,250
35,67,251
35,78,248
35,92,246
35,98,243
33,91,237
25,90,239
13,114,229
2,137,226
173,213,218
170,238,241
168,251,245
167,253,249
167,254,246
172,255,155
172,255,152
172,255,150
172,255,150
171,255,151
172,255,150
172,255,151
172,255,152
172,255,151
172,255,149
172,253,147
173,252,146
173,251,143
172,253,141
173,253,140
173,255,138
173,255,137
174,255,133
173,255,129
174,253,125
174,255,120
175,251,115
176,253,108
178,222,109
1,176,123
6,168,126
10,162,126
13,157,122
14,145,127
16,144,124
18,145,125
20,147,125
22,145,125
24,144,124
25,134,124
27,127,124
28,126,127
30,122,130
30,120,136
33,127,141
33,124,150
34,127,153
35,123,158
35,119,159
34,113,160
33,113,154
33,120,144
32,117,140
29,107,140
25,107,145
21,118,134
20,141,121
21,148,133
23,128,155
25,99,167
28,81,169
31,68,176
31,67,161
26,81,133
28,79,142
32,74,173
37,77,196
40,82,211
41,86,210
39,83,211
39,82,214
39,76,231
39,70,244
40,69,253
40,63,254
37,54,253
36,48,251
35,43,249
35,43,249
35,48,250
35,50,251
34,47,251
34,53,249
35,65,249
35,78,247
35,93,245
35,98,242
33,91,237
25,91,239
14,113,233
3,140,222
173,217,212
170,237,241
169,247,248
168,250,251
168,253,247
172,255,155
172,255,152
172,253,151
172,255,150
172,255,150
172,255,150
172,255,152
171,255,153
171,255,151
172,255,149
172,255,146
172,255,145
172,253,143
172,253,141
173,253,140
173,255,138
173,255,137
173,255,133
173,255,129
173,253,125
174,255,121
174,251,118
175,250,111
177,221,112
1,175,125
5,169,127
9,157,127
13,153,125
14,145,127
16,143,125
18,148,126
20,146,126
22,144,126
24,144,124
25,135,123
27,129,123
28,126,128
30,121,131
30,122,138
33,126,142
33,124,150
34,125,155
35,119,159
35,118,160
35,117,157
34,115,153
33,120,145
31,116,143
29,103,143
26,104,144
22,118,130
20,142,115
21,154,131
22,130,153
24,98,169
26,77,175
29,58,175
27,56,155
22,81,116
23,86,119
28,73,160
34,74,185
38,78,202
39,80,204
39,80,211
39,78,217
39,73,233
40,70,246
41,67,253
40,61,253
37,51,252
35,43,250
35,42,250
35,42,249
36,48,250
35,50,250
34,47,250
34,53,249
35,65,248
35,77,246
35,92,242
34,96,240
33,94,237
26,90,238
15,113,233
3,140,224
174,216,213
170,238,240
169,247,248
168,249,252
168,251,248
172,255,154
172,255,152
172,252,152
172,252,152
172,255,150
171,255,151
172,255,152
171,253,152
172,252,151
172,255,149
172,255,146
172,255,144
172,255,142
172,253,141
172,255,140
173,255,138
174,255,134
174,255,132
173,255,128
173,255,124
174,255,119
174,253,117
175,250,111
177,223,111
1,177,124
4,166,126
9,157,128
12,153,127
15,149,127
16,145,125
19,151,127
21,148,126
22,149,125
24,144,124
25,140,122
27,131,121
28,126,127
30,121,131
30,121,139
33,126,142
33,122,150
33,121,154
34,115,158
35,115,160
35,114,155
35,115,153
33,122,146
31,116,147
30,107,143
26,106,142
22,116,127
20,141,116
21,154,131
22,133,152
23,98,169
25,71,170
26,52,163
24,49,141
17,69,107
18,90,108
23,78,150
28,74,180
33,69,199
36,74,200
36,74,206
38,75,215
40,71,233
41,69,245
42,66,252
40,57,252
36,46,250
35,42,250
35,39,249
36,40,250
36,46,251
36,48,251
35,48,252
34,53,250
35,62,249
35,76,247
35,91,243
34,96,239
33,94,236
26,93,237
15,115,232
4,139,226
174,210,219
171,238,240
169,251,244
168,251,252
168,252,249
172,255,155
172,255,152
172,253,151
172,252,152
172,255,152
172,255,152
171,253,152
171,252,153
172,252,151
172,255,149
172,255,145
172,255,143
172,255,141
172,255,140
173,255,139
173,255,137
174,255,133
174,255,129
174,255,127
174,255,123
174,255,119
174,255,118
175,253,112
177,228,112
0,180,123
4,169,124
9,160,126
13,160,124
15,153,125
18,153,125
19,153,127
21,156,126
22,153,125
24,148,124
25,139,123
27,136,120
28,129,125
30,122,130
30,118,138
32,120,142
33,119,150
33,113,153
34,109,157
35,110,158
36,112,159
35,118,155
33,125,149
31,120,147
30,113,140
26,110,137
22,117,126
20,134,122
20,160,131
21,140,148
22,99,163
23,71,162
24,48,150
19,41,130
9,59,103
11,91,98
17,90,142
22,79,181
26,69,195
30,73,182
33,75,190
35,74,207
39,68,231
40,67,244
41,60,251
40,53,251
36,44,250
35,39,249
35,37,249
36,40,250
36,44,251
36,48,251
35,48,251
34,53,250
34,61,250
34,73,248
35,88,245
34,96,240
33,94,236
26,95,237
16,117,231
4,140,228
174,209,220
171,238,240
169,253,242
168,253,250
168,253,248
172,255,156
172,255,152
172,255,151
172,255,150
172,255,152
172,255,152
171,253,152
171,253,152
172,252,151
171,255,147
172,255,144
172,255,141
172,255,140
172,255,140
172,255,139
173,255,137
173,255,134
174,255,129
174,255,128
174,255,124
174,255,121
174,253,119
176,253,113
178,230,112
1,184,125
5,174,126
9,166,126
13,164,121
15,160,123
18,158,124
19,157,127
21,157,125
22,153,125
24,147,125
25,138,124
27,135,121
28,130,124
30,122,130
30,117,139
31,119,143
32,114,150
33,111,154
33,105,156
35,107,158
36,113,158
35,118,155
32,127,149
31,122,149
30,114,139
27,111,133
23,117,124
20,136,124
20,158,132
21,141,147
22,95,164
22,66,166
22,42,153
13,31,133
1,50,107
5,84,91
13,90,136
17,80,176
22,75,184
26,84,164
29,79,171
33,71,200
38,65,232
40,61,245
41,56,253
40,50,251
36,42,250
35,39,249
36,40,250
36,40,250
38,44,251
36,46,251
35,48,251
34,53,250
34,61,251
34,72,250
35,88,247
34,95,242
33,93,238
26,94,238
16,116,234
5,141,225
174,210,216
171,236,239
169,250,243
168,254,249
168,255,245
172,255,156
172,253,153
172,255,152
172,255,150
171,253,152
171,252,153
171,252,153
171,253,152
171,255,149
171,255,146
172,255,144
172,255,141
171,255,141
172,255,140
172,255,137
173,255,135
173,253,134
173,253,130
174,253,127
174,255,124
175,255,121
175,251,119
176,246,116
178,228,113
2,195,123
6,185,123
10,173,124
13,163,125
16,161,125
18,157,125
19,158,126
21,157,125
23,153,122
25,146,122
25,138,124
27,135,121
28,129,128
30,125,131
30,122,138
31,122,144
32,113,151
33,110,155
33,105,155
34,106,156
36,114,157
36,123,156
33,131,150
32,128,147
30,115,138
27,111,133
23,112,130
20,140,120
21,172,120
21,145,142
22,93,168
22,64,172
21,38,156
11,27,131
177,47,108
178,72,103
8,81,129
14,77,163
19,78,166
22,90,151
27,79,175
32,67,202
37,62,231
40,58,246
41,50,253
41,45,253
36,42,250
35,42,250
36,42,250
38,43,251
36,42,250
36,44,251
35,48,250
35,54,251
34,61,252
34,70,250
35,84,248
34,93,242
33,95,234
27,93,236
16,117,234
5,143,225
174,206,217
171,233,240
169,249,244
168,255,245
168,254,250
172,255,156
172,255,152
172,255,152
172,253,151
172,255,151
171,253,152
171,253,152
171,255,150
171,255,147
171,255,145
172,255,142
172,255,140
171,255,140
172,255,139
172,255,137
173,255,135
174,253,131
173,255,129
174,253,125
174,255,124
175,255,120
175,255,118
176,253,116
179,232,113
2,195,124
6,181,127
10,175,125
13,169,124
16,161,125
18,158,124
19,155,125
21,154,124
23,148,122
24,142,122
25,139,123
27,135,121
28,131,127
30,125,131
30,127,137
31,128,141
33,121,148
32,112,152
33,110,156
34,109,157
36,112,159
35,120,157
33,132,149
31,126,144
30,112,141
28,109,140
23,113,131
20,149,113
21,194,108
22,151,135
22,96,168
22,64,172
21,38,153
5,24,129
173,49,110
174,66,104
4,65,125
11,71,147
17,75,153
21,80,157
26,72,189
31,61,208
37,59,233
40,54,246
41,49,252
40,44,252
36,42,250
35,42,250
36,42,250
36,42,250
36,40,250
35,42,249
35,48,251
35,54,251
34,60,252
34,68,250
35,82,249
35,91,243
33,95,233
27,93,235
16,117,233
5,141,224
174,206,215
171,236,237
169,251,243
168,255,248
168,253,251
172,255,156
172,255,152
172,255,152
172,252,152
172,255,150
172,255,151
172,255,149
172,255,149
172,255,146
172,255,145
172,255,142
172,255,140
172,255,140
172,255,138
172,255,136
173,253,134
173,253,130
174,253,127
174,255,124
174,253,123
175,255,122
175,255,121
177,255,116
179,237,113
2,194,125
6,178,129
10,173,127
13,170,123
15,154,124
17,151,123
19,149,123
21,147,123
23,145,121
24,139,121
26,135,121
27,135,121
28,132,126
30,128,131
30,133,134
32,139,136
32,134,141
33,123,149
33,112,155
34,111,159
35,115,160
35,119,158
33,129,148
31,128,141
30,111,142
28,106,145
23,112,132
22,157,107
22,204,100
22,151,133
23,93,168
24,62,172
22,37,151
5,24,130
171,43,113
170,54,108
1,49,115
9,60,123
15,67,133
20,71,154
26,65,191
31,60,207
38,59,230
41,55,245
42,47,252
40,44,252
36,42,250
35,42,250
36,44,251
36,42,250
35,39,248
35,42,249
35,48,251
35,54,252
35,58,252
35,67,251
35,81,250
35,89,244
33,94,234
27,93,235
17,115,232
6,139,226
174,207,214
171,240,231
169,250,242
168,252,249
168,252,252
172,253,157
172,253,153
172,253,153
172,252,152
172,255,151
172,255,151
172,255,149
172,255,146
172,255,145
172,253,143
172,253,141
172,255,138
172,255,139
172,253,137
173,253,135
173,255,131
173,255,129
174,255,124
174,255,122
174,255,122
175,255,123
175,251,123
177,255,116
178,244,112
2,197,124
5,179,131
10,175,128
13,169,121
15,152,124
16,147,123
18,144,124
20,142,124
22,141,123
24,138,122
26,134,122
28,134,120
29,130,124
30,133,130
32,142,133
32,148,131
33,143,137
32,129,146
33,115,155
34,114,159
35,119,159
35,119,158
33,125,149
32,122,140
30,109,140
28,107,143
23,115,131
22,154,109
22,190,106
23,147,135
24,92,167
26,63,169
24,41,151
14,26,129
169,38,114
167,46,111
174,36,112
5,41,113
13,60,124
18,68,142
23,66,178
29,61,198
37,59,230
41,55,246
42,46,253
41,41,252
36,42,251
35,42,250
36,44,251
36,42,250
33,38,247
34,41,248
35,45,250
35,50,250
35,56,252
35,64,251
35,75,250
35,86,244
34,93,235
28,92,235
17,114,232
6,138,226
174,208,210
171,240,231
169,251,241
168,253,248
168,253,251
172,253,157
172,252,154
172,253,153
172,253,151
172,255,150
172,255,150
172,255,149
172,255,146
172,255,145
172,253,143
172,253,140
172,255,136
172,253,137
172,255,136
173,255,134
173,253,130
174,253,127
175,253,124
175,255,122
175,255,121
175,255,122
175,253,123
176,255,118
178,246,111
1,196,122
5,179,128
9,170,126
13,168,120
15,152,124
17,145,121
18,144,124
20,141,125
23,139,123
24,134,122
27,132,120
28,133,121
30,134,124
30,133,130
32,142,133
32,149,132
33,141,139
32,127,149
33,119,156
33,114,157
34,119,156
34,120,155
34,118,149
32,119,141
29,106,139
27,106,140
23,122,128
22,149,113
23,169,118
24,141,136
25,95,163
27,64,167
28,42,150
18,34,128
170,28,108
161,38,107
159,32,104
175,29,107
5,49,115
15,69,122
20,72,153
27,64,186
36,59,226
40,55,242
41,45,253
40,43,253
36,40,251
35,42,250
36,44,250
36,42,249
33,38,248
34,41,249
35,43,250
36,48,250
35,52,251
35,61,251
35,73,251
35,83,245
34,91,236
28,92,236
17,114,233
6,139,226
175,206,210
171,234,234
169,250,242
168,255,246
168,255,247
172,255,157
172,252,154
172,252,152
172,255,150
172,255,150
172,255,149
172,255,149
172,255,146
172,255,145
172,251,142
172,253,140
172,253,137
172,255,136
173,253,135
173,255,131
173,255,129
174,253,127
175,253,123
175,255,122
175,255,121
175,255,121
174,255,122
175,255,118
177,248,113
0,196,122
4,181,127
8,167,127
11,164,123
15,155,122
17,148,119
18,145,123
20,142,124
23,140,122
25,138,120
27,133,119
29,132,118
30,134,124
30,133,130
32,139,136
32,140,138
33,134,146
32,123,153
33,114,156
33,112,155
33,115,155
34,119,152
34,116,147
33,111,142
29,104,142
26,107,141
23,123,126
22,145,116
24,147,130
25,132,139
26,93,161
27,63,169
28,45,154
23,32,127
177,24,105
159,33,102
155,29,104
159,30,110
177,44,116
9,65,113
16,79,142
24,68,179
34,58,223
38,56,241
40,47,253
39,43,253
35,39,250
35,39,249
36,42,249
36,42,249
34,41,249
34,41,249
35,42,250
36,44,250
35,48,251
35,56,250
35,69,250
35,82,246
34,88,237
28,91,236
17,113,235
6,139,226
175,204,211
171,227,240
169,246,245
168,254,246
169,255,246
172,253,156
172,253,153
172,253,151
172,253,151
172,255,149
172,255,149
172,255,149
172,255,145
172,255,142
172,253,141
172,253,140
172,253,137
172,255,134
173,255,133
174,255,130
174,253,127
175,251,125
175,253,123
174,255,122
174,255,122
174,255,121
175,255,121
175,255,118
176,248,113
179,199,122
2,174,126
6,162,126
11,158,124
15,157,122
18,158,118
19,156,121
21,148,122
23,143,121
25,139,119
27,134,118
29,136,118
30,135,123
30,133,130
32,138,137
32,133,142
32,127,149
33,116,154
33,110,155
33,111,154
33,112,155
33,115,151
34,113,147
33,108,142
29,102,143
26,106,142
22,123,131
22,136,124
23,132,141
26,121,145
27,87,164
29,65,170
29,48,155
25,36,128
3,27,105
158,28,100
152,35,102
160,42,110
170,57,117
1,65,114
12,88,133
20,79,161
31,62,203
36,58,233
38,49,252
38,44,252
35,37,250
35,37,249
36,42,249
36,42,250
34,41,249
34,41,249
35,39,249
36,42,250
35,45,251
35,54,251
35,67,250
35,77,246
34,87,239
28,88,238
17,113,238
6,140,227
175,203,211
171,226,240
169,247,242
168,254,246
169,255,247
171,255,155
172,255,152
172,255,151
172,255,151
172,253,150
172,253,150
171,253,148
172,255,145
172,255,142
172,255,140
172,255,139
172,255,136
173,255,133
173,255,130
174,255,128
174,255,127
174,253,125
174,251,124
174,251,121
174,253,120
174,255,120
174,255,119
175,255,116
176,248,111
179,201,122
2,177,125
7,165,125
11,162,124
15,154,124
19,161,119
21,155,120
22,153,122
23,143,121
25,138,120
27,136,120
28,136,122
30,138,122
30,135,128
31,134,135
32,134,141
32,128,147
31,117,151
32,107,152
33,107,153
32,109,154
32,112,150
33,111,147
33,109,141
29,105,141
27,110,142
23,117,133
22,127,133
23,127,147
24,115,151
26,88,166
28,66,170
26,48,155
20,36,127
0,29,104
166,37,103
157,33,102
162,46,111
165,61,118
175,70,117
8,80,127
17,84,145
26,69,189
33,61,226
36,53,251
38,49,252
35,42,251
35,39,249
36,42,249
36,44,251
34,42,249
34,42,249
35,39,249
35,42,249
35,45,250
35,54,251
36,65,251
36,77,248
35,85,240
28,87,241
18,108,238
7,137,223
175,205,208
171,230,237
169,252,237
168,255,245
169,255,248
171,253,156
171,255,153
171,255,151
172,253,150
172,255,148
172,255,149
171,255,147
172,253,146
172,253,143
172,255,140
172,255,138
172,253,135
173,253,132
173,253,130
173,255,129
173,253,128
173,255,127
174,255,123
174,255,119
174,253,119
175,255,117
175,255,116
175,253,117
176,246,112
179,206,119
3,180,126
8,164,129
12,167,124
15,157,125
19,158,121
21,159,120
22,159,120
24,148,121
24,145,120
26,145,120
27,143,121
30,140,124
30,142,126
30,135,132
31,134,139
30,130,141
30,122,146
31,110,150
32,104,150
32,108,151
32,110,148
33,113,144
32,115,142
30,114,139
28,114,141
24,117,140
23,124,138
23,125,145
23,117,150
23,100,155
22,78,157
22,54,138
14,39,125
177,45,113
170,50,107
162,42,103
162,48,106
161,64,116
168,69,118
178,61,126
11,78,134
22,76,171
29,67,210
35,58,250
38,57,255
36,48,251
36,44,250
35,45,250
35,48,252
35,48,251
35,45,250
35,43,250
35,43,249
34,47,250
34,54,253
35,64,250
35,74,247
35,85,239
29,86,236
19,104,232
7,131,226
176,201,211
171,233,234
169,252,241
168,254,249
169,255,248
171,255,155
171,255,151
171,255,151
171,255,150
172,255,149
172,255,149
171,255,147
172,253,146
172,253,143
172,255,140
172,253,139
173,251,136
173,253,132
173,251,129
173,253,128
173,255,127
173,255,126
174,255,122
174,255,118
175,255,116
175,251,115
175,255,113
175,255,113
176,248,111
179,204,120
4,184,129
8,168,129
12,169,124
15,160,124
18,161,122
21,162,118
22,162,118
23,147,120
24,141,119
26,147,120
27,143,121
30,140,124
30,142,126
30,136,131
30,138,133
29,141,137
30,131,140
31,114,146
31,109,147
31,112,144
32,117,144
32,119,142
31,121,141
30,118,141
27,118,143
24,118,138
23,125,133
21,128,141
20,121,145
20,110,149
19,90,148
17,58,132
8,41,123
176,51,111
170,61,108
167,49,104
164,49,105
161,60,115
165,65,122
174,61,129
9,75,130
19,78,170
27,71,209
35,63,248
38,60,252
37,51,251
36,48,250
35,50,251
35,50,252
36,48,251
36,46,252
35,43,250
35,45,249
34,49,250
34,55,252
35,65,249
35,74,248
35,85,240
29,83,236
19,100,233
7,128,226
176,200,212
172,233,235
169,251,242
168,255,250
169,255,247
171,255,155
172,255,150
172,255,150
172,255,149
172,255,149
172,255,149
171,255,147
172,255,145
172,255,142
172,253,140
172,253,137
173,249,134
173,251,131
173,251,129
173,255,127
173,255,124
173,255,124
174,255,121
174,255,119
175,255,116
175,248,116
175,253,112
175,255,112
176,250,110
179,206,119
3,181,128
8,171,130
12,171,121
14,158,123
18,157,122
21,156,119
22,158,118
22,145,120
24,139,119
25,141,121
26,140,124
28,139,125
30,142,126
30,141,127
29,151,125
29,158,124
29,147,132
30,124,140
30,117,144
30,123,141
30,123,141
30,125,139
30,125,139
28,121,143
26,119,146
23,116,138
20,125,131
18,139,125
17,128,133
18,116,139
17,98,140
15,65,130
5,46,123
173,55,115
170,59,112
167,50,103
167,49,104
165,58,114
168,63,122
175,61,130
9,74,131
19,77,173
27,68,210
35,63,244
38,60,249
37,51,249
36,48,250
35,50,251
35,50,251
35,48,250
35,45,250
35,43,250
35,43,250
34,47,250
34,53,250
35,63,248
36,72,249
35,83,242
29,83,236
19,100,232
7,129,224
176,201,211
172,234,234
170,251,241
169,254,250
169,255,247
171,255,155
172,255,150
172,255,150
172,255,149
172,255,149
171,255,147
171,255,147
172,255,145
172,255,142
172,255,139
172,253,137
172,249,134
173,251,131
173,251,126
173,255,124
173,255,124
173,255,124
173,255,122
174,253,119
175,253,117
175,246,115
175,250,113
175,255,112
176,253,109
179,207,118
3,184,126
8,173,128
11,173,121
13,156,126
17,152,124
19,153,123
22,151,120
22,139,121
23,136,122
24,137,123
26,139,125
28,137,125
30,139,125
29,148,124
28,168,117
28,173,115
28,157,127
30,130,137
30,121,143
30,126,142
30,126,142
30,124,140
30,126,138
28,123,143
26,121,145
22,118,136
20,131,123
16,139,121
15,134,129
16,126,134
17,105,136
15,68,132
10,50,127
176,48,116
170,54,109
174,47,104
173,50,107
170,60,114
172,64,120
0,59,130
11,76,138
20,76,181
27,67,212
35,63,242
38,61,248
37,54,250
36,53,251
35,53,253
35,54,252
35,50,249
35,48,250
35,43,249
35,43,250
34,47,250
35,52,250
36,62,248
36,70,251
35,80,242
29,82,236
19,101,230
8,130,223
177,200,208
172,233,234
170,252,240
169,254,249
169,255,247
172,255,155
172,255,150
172,255,149
172,255,148
171,253,148
171,255,147
172,255,146
172,253,143
172,253,141
172,253,137
172,253,135
172,251,132
173,249,130
173,251,126
173,255,124
173,255,123
173,255,122
173,255,120
174,253,117
175,251,115
175,246,115
175,250,113
175,255,113
176,250,110
178,214,118
2,186,126
7,170,129
11,171,122
13,157,125
16,148,124
19,148,124
21,148,122
21,141,123
23,136,122
24,135,123
25,137,125
27,134,126
28,137,127
28,149,125
28,168,117
28,177,118
28,161,130
29,134,141
29,126,146
29,123,145
28,118,147
30,116,143
28,121,141
28,124,142
26,123,143
23,121,129
20,136,118
16,144,117
15,149,116
16,146,122
17,117,133
18,75,146
17,51,145
1,41,131
177,44,115
179,48,107
177,52,108
177,56,119
178,56,131
6,61,141
15,76,145
20,78,184
27,70,211
35,64,243
38,63,250
37,57,250
36,57,251
35,58,252
35,57,253
34,53,251
35,50,250
35,43,249
36,44,251
35,45,250
35,50,251
36,57,249
36,65,251
35,78,243
29,82,236
20,100,230
8,129,224
177,197,211
173,230,235
171,250,241
170,254,249
170,255,246
