171,248,193
171,249,197
171,255,196
171,255,198
170,251,202
170,249,204
170,250,204
170,254,208
170,255,208
170,255,209
170,255,209
170,254,210
170,253,211
170,253,209
170,254,208
170,253,209
170,251,210
169,253,208
169,254,205
169,255,202
169,252,199
170,252,195
171,255,189
171,255,186
172,252,184
171,249,183
171,247,180
171,248,178
171,246,176
171,252,170
171,255,165
172,255,164
171,255,161
171,253,159
171,250,153
172,243,143
172,245,126
173,253,103
174,246,90
176,255,70
178,247,64
2,186,85
8,164,101
13,158,110
17,169,110
21,175,109
23,175,112
23,166,118
24,162,118
23,156,116
24,153,113
26,156,111
28,151,110
30,146,112
32,139,121
32,135,125
33,137,127
34,136,133
34,139,134
34,146,136
34,146,138
34,151,142
34,151,145
34,148,148
35,146,152
35,138,157
35,137,158
35,133,157
34,134,156
34,134,156
33,131,158
33,125,165
33,122,170
35,125,174
36,126,174
37,123,180
38,122,184
39,122,192
39,120,198
39,122,199
38,120,200
37,117,198
35,113,199
35,107,203
35,100,205
36,98,209
37,97,212
39,97,211
38,99,212
37,100,210
35,101,207
33,96,209
33,93,212
34,89,209
34,84,209
34,80,201
27,83,178
15,137,127
8,237,84
1,252,89
178,243,106
176,237,114
175,238,121
174,247,124
174,249,131
174,246,148
174,247,165
173,242,191
171,250,194
171,251,197
171,255,198
171,252,200
171,249,203
170,250,203
170,251,203
170,255,207
170,255,209
170,254,211
170,254,211
170,254,211
170,251,212
170,251,212
170,253,209
170,253,209
170,253,209
170,253,208
169,254,205
169,255,202
169,254,198
170,254,194
171,254,189
171,252,186
171,249,185
171,249,181
171,249,177
171,249,175
171,249,172
171,252,168
171,255,163
172,255,161
171,255,161
171,255,158
171,252,152
172,243,143
172,245,126
173,253,105
174,246,90
176,255,71
179,247,64
3,192,85
9,169,101
13,162,110
17,168,111
20,175,112
22,176,113
23,168,117
23,165,119
23,156,116
24,152,114
26,153,113
28,148,112
30,143,114
31,137,121
32,135,125
32,137,125
33,143,130
34,146,133
34,146,136
34,150,139
34,152,141
34,151,145
35,148,150
35,146,152
35,138,157
35,137,158
35,132,158
35,132,158
35,133,157
34,135,159
34,131,164
34,127,168
35,125,174
37,126,176
37,120,181
38,121,186
39,120,193
39,119,200
39,119,200
38,117,200
37,117,194
35,112,193
34,108,198
34,101,206
35,96,212
37,97,216
38,98,215
38,99,213
36,102,209
35,102,208
34,95,211
33,94,215
34,91,212
34,86,210
33,81,201
28,85,181
17,131,130
9,239,81
2,255,85
179,235,103
176,234,111
175,238,119
174,243,125
174,248,138
174,245,159
173,246,178
172,240,204
170,251,196
171,254,197
171,254,199
171,250,202
171,248,204
170,251,203
170,254,204
170,255,209
170,254,212
170,253,213
170,253,213
170,253,213
170,251,213
170,250,213
170,251,212
170,253,209
170,251,210
170,253,208
170,254,205
170,255,201
169,255,197
170,252,192
171,252,190
171,248,188
171,245,186
171,251,178
171,251,176
171,249,172
171,250,169
171,252,165
171,255,162
172,255,160
172,255,159
171,255,157
172,250,152
172,243,146
172,243,130
173,248,110
174,247,94
176,255,73
178,251,67
4,193,87
9,173,103
13,168,111
18,171,112
20,172,114
22,173,115
23,166,118
23,165,119
23,157,115
24,153,113
26,153,113
29,143,112
30,139,117
31,138,124
31,136,126
33,143,125
33,149,128
33,148,133
34,146,138
34,149,140
35,152,143
35,147,147
35,144,151
35,142,153
35,135,157
35,134,158
35,132,160
35,131,161
35,135,160
35,135,160
35,132,164
35,132,168
35,125,174
35,124,175
35,118,180
37,116,187
38,120,196
39,117,202
39,118,201
38,116,200
37,112,194
35,113,188
34,112,191
33,105,202
34,101,212
35,97,215
37,100,217
37,101,214
37,103,210
36,102,210
35,98,213
35,93,219
35,90,215
35,87,212
34,84,204
29,82,184
19,122,136
11,230,80
3,255,77
0,232,98
177,236,105
175,246,115
174,249,127
174,251,145
173,251,173
172,246,197
172,240,218
170,252,196
170,255,199
171,254,201
171,250,204
171,248,204
170,252,202
170,254,204
170,255,210
170,253,213
170,255,214
170,255,214
170,254,215
170,251,214
170,251,214
170,251,213
170,250,211
170,250,211
170,250,209
170,254,205
170,255,201
170,254,197
170,252,192
170,251,189
170,250,188
170,245,186
170,251,178
171,249,175
171,250,169
171,253,165
171,255,162
171,255,160
172,255,159
171,255,157
171,253,156
172,248,153
172,241,148
172,238,134
173,244,115
174,245,98
177,255,75
179,251,70
5,191,92
9,170,105
13,165,113
17,170,114
20,169,116
22,170,117
23,165,119
23,159,117
24,158,113
25,153,112
27,152,111
30,147,113
31,142,120
31,136,126
31,135,127
33,142,126
32,147,128
33,147,134
34,145,139
34,144,140
35,147,142
35,143,146
35,139,150
35,138,152
35,136,156
35,134,158
35,132,160
35,135,161
35,135,161
35,138,163
35,134,167
35,131,170
35,128,174
35,123,176
35,116,183
36,114,188
38,119,195
38,116,202
38,116,200
38,113,199
36,112,191
35,116,180
33,122,178
32,114,192
33,106,205
33,100,211
35,98,215
37,98,213
36,101,212
36,101,212
35,98,216
36,93,222
35,92,218
36,89,214
34,83,205
29,80,187
22,114,136
13,222,78
4,255,72
1,238,92
177,243,102
175,251,115
174,249,136
173,252,158
172,248,191
172,245,213
171,239,230
170,255,196
170,252,202
170,252,202
171,250,204
171,250,204
170,252,202
170,254,204
170,254,211
170,254,215
170,255,215
170,255,214
170,255,214
170,253,213
170,251,214
170,251,213
170,250,211
170,250,211
170,250,209
170,250,204
170,254,200
170,254,196
170,252,192
170,251,189
170,251,186
170,249,182
170,249,177
171,249,172
171,252,166
171,253,161
171,255,157
172,253,156
172,253,156
172,255,155
172,255,152
172,250,152
172,243,147
173,238,136
174,240,119
175,245,101
177,255,80
179,245,75
4,184,97
9,169,110
13,169,116
17,169,115
20,168,117
22,169,118
22,161,119
23,159,117
24,156,111
26,152,111
28,151,110
30,147,111
31,142,120
33,141,127
31,139,127
33,145,127
33,150,131
33,148,136
34,143,139
34,142,140
35,144,142
35,140,146
35,136,150
35,134,152
35,130,157
35,132,158
35,132,159
35,135,161
35,135,161
35,137,164
35,134,168
35,132,172
36,132,178
35,126,180
35,117,185
36,116,189
38,120,194
38,117,199
38,113,198
37,110,197
36,111,186
33,124,171
32,140,164
31,129,180
31,111,199
32,103,208
34,94,214
35,95,213
36,97,214
37,97,216
36,95,218
37,94,223
36,93,220
36,89,215
34,83,205
29,79,188
23,111,135
15,212,77
4,255,68
1,246,87
177,250,102
175,253,123
174,245,151
172,249,177
171,246,209
171,244,229
171,241,240
170,255,199
170,251,204
170,253,205
170,250,204
171,250,204
170,252,202
170,255,205
170,255,211
170,255,214
170,255,215
170,255,215
170,255,214
170,255,214
170,254,213
170,254,213
170,253,212
170,251,210
170,251,208
170,251,203
170,254,200
170,254,195
170,252,192
170,252,188
169,254,184
170,254,179
170,252,174
171,249,170
171,252,164
171,253,158
172,253,153
172,253,152
172,253,153
172,255,151
172,255,150
172,253,150
172,246,145
173,244,135
174,242,120
175,248,104
178,255,82
179,233,83
5,179,104
9,166,112
13,169,116
17,173,115
20,173,118
22,170,117
22,162,118
24,155,115
25,148,112
27,144,110
29,143,109
31,148,112
32,142,120
33,142,126
33,143,128
32,147,128
33,147,134
33,147,137
34,142,140
34,141,141
35,136,142
35,134,145
35,130,149
35,131,154
35,128,159
35,132,159
35,135,160
35,138,161
35,139,162
35,137,164
36,136,169
36,136,173
37,135,180
38,132,185
38,121,190
38,117,191
38,120,193
38,118,197
38,114,197
37,107,196
34,109,184
33,128,169
30,154,154
30,140,171
30,118,195
31,103,207
33,93,212
35,91,212
35,93,216
35,94,218
36,93,221
36,91,223
37,91,222
36,89,216
33,83,206
29,78,190
23,106,139
15,195,81
4,255,67
1,255,84
177,250,106
174,253,131
173,247,165
172,250,190
171,248,219
170,246,235
170,247,243
170,254,200
170,252,203
170,253,205
170,249,205
170,250,204
170,255,204
170,254,206
170,255,212
170,255,213
170,255,215
170,255,215
170,255,214
170,254,215
169,254,213
170,254,213
170,254,211
170,253,209
170,254,206
171,254,201
171,255,198
170,255,194
170,254,190
170,252,186
169,255,183
169,255,177
170,255,172
171,250,167
171,250,163
172,252,157
172,252,153
172,250,152
172,252,152
172,253,150
173,255,149
173,253,147
173,250,142
173,247,133
175,247,120
176,248,105
178,255,86
0,223,87
5,177,108
10,166,115
13,171,116
17,173,115
20,173,118
22,170,117
23,160,116
24,155,112
26,144,113
28,140,111
30,140,109
32,148,114
33,143,121
33,141,127
33,142,129
32,146,129
33,147,134
33,147,137
34,142,140
34,136,143
35,131,144
35,130,145
35,126,150
35,124,156
35,126,160
35,131,160
35,135,161
35,137,162
35,136,165
35,136,167
36,134,171
38,137,175
39,141,186
40,137,190
39,123,193
39,121,192
39,122,195
38,118,198
38,111,196
36,106,194
33,108,187
31,128,169
29,165,148
29,156,163
30,124,192
31,104,205
33,91,210
35,90,209
33,89,214
34,90,220
35,90,224
35,90,224
37,89,223
35,85,217
33,78,208
28,76,194
24,102,143
16,181,86
4,255,67
0,255,85
176,246,112
174,250,141
173,248,177
172,249,204
171,246,225
170,247,237
170,252,241
170,255,200
170,255,202
170,255,204
170,253,206
170,251,207
170,254,205
170,255,207
170,255,212
170,255,214
170,255,215
170,255,214
170,255,214
170,254,215
170,253,214
170,253,212
170,254,211
170,253,209
170,254,204
171,255,200
170,255,195
170,255,192
170,254,187
170,252,185
169,254,181
169,255,174
171,255,168
171,250,165
172,247,162
172,247,157
172,248,154
172,248,153
172,250,152
172,252,148
173,250,147
173,248,145
173,249,138
174,249,130
175,249,119
176,250,107
178,255,89
0,214,93
5,171,112
11,162,115
14,169,115
18,172,114
20,168,117
22,160,116
23,156,116
24,149,113
25,144,115
28,139,112
30,139,110
32,146,115
33,143,121
33,144,129
33,145,132
33,149,132
33,151,132
33,148,134
33,141,139
34,135,144
34,135,144
35,131,144
35,129,150
35,123,157
35,127,159
35,132,159
35,134,162
35,136,165
35,134,168
36,133,171
36,130,174
38,135,178
40,138,188
41,137,192
40,124,193
39,121,192
39,122,195
38,117,199
38,108,196
37,108,194
33,110,185
30,130,165
28,176,142
27,166,157
28,125,191
30,106,203
33,94,208
35,91,208
33,92,213
33,89,221
35,89,227
35,87,226
36,86,223
35,84,218
33,78,209
29,75,195
26,98,143
16,185,87
3,255,66
0,255,90
175,243,125
174,245,155
172,246,190
171,243,218
170,240,238
170,246,244
170,253,241
170,255,201
170,255,204
170,255,204
170,254,205
170,254,207
170,254,208
170,255,210
170,255,212
170,254,215
170,255,215
170,255,214
170,255,214
170,254,215
170,251,214
170,251,212
170,253,209
170,251,208
170,252,202
170,254,197
170,255,193
170,252,190
170,249,186
170,251,181
170,251,176
171,249,172
172,249,167
172,252,163
172,252,158
173,250,155
173,250,153
173,248,152
172,247,151
173,245,147
173,244,144
173,244,140
173,242,138
173,245,129
175,242,122
176,255,107
177,255,91
0,197,101
6,166,115
12,166,114
16,163,114
19,162,113
21,157,115
22,148,117
23,146,117
23,149,115
24,143,118
26,146,115
28,142,113
31,138,116
32,138,122
33,147,127
33,155,130
33,158,131
33,151,132
33,150,133
33,146,138
34,141,143
34,140,144
34,139,145
35,134,150
35,130,155
36,128,161
36,127,163
35,128,165
36,129,166
36,127,168
37,128,174
37,124,179
38,125,185
40,125,189
40,124,191
38,121,192
38,118,194
38,117,196
38,113,198
39,108,199
37,106,197
33,110,188
30,129,164
26,179,137
25,172,150
26,130,184
28,110,199
33,97,208
35,97,208
33,93,217
33,90,223
35,85,227
36,84,228
35,85,223
35,84,218
34,80,208
32,74,197
28,91,145
16,175,92
3,255,74
179,250,102
174,246,135
172,243,169
171,232,208
171,234,232
170,241,241
170,250,242
170,251,241
170,254,202
170,254,205
170,254,205
170,254,207
170,253,208
170,253,209
170,254,211
170,254,211
170,253,213
170,254,215
170,255,214
170,254,212
170,253,213
171,253,211
171,253,208
170,253,207
170,251,206
170,255,201
170,254,197
170,254,191
170,254,187
170,252,184
171,252,179
171,252,175
171,249,172
172,250,166
172,253,160
172,253,157
173,253,153
173,252,152
173,250,151
173,246,149
172,248,144
172,246,139
172,246,135
173,243,133
173,249,126
174,247,122
175,255,107
176,255,93
1,200,102
7,171,115
13,169,113
17,166,114
19,160,115
21,153,117
23,145,118
23,140,118
23,149,115
24,153,117
26,150,117
27,146,115
30,141,112
32,144,119
33,144,129
33,151,133
33,156,132
33,151,132
33,150,134
33,147,137
33,143,141
34,146,143
34,145,144
35,137,149
35,132,155
36,129,160
36,127,162
37,126,166
37,124,168
37,126,172
37,122,177
38,123,183
38,121,186
40,117,190
40,120,192
38,116,193
37,117,194
38,113,198
38,110,200
39,109,204
38,107,203
35,112,194
31,127,167
26,183,131
25,181,137
25,135,177
28,111,197
33,97,208
36,97,212
34,96,218
34,91,222
35,86,227
36,85,225
35,85,222
34,83,217
35,80,211
33,74,201
28,91,146
16,179,94
3,255,80
178,246,115
174,235,152
172,236,184
171,231,215
170,240,231
170,246,239
170,252,240
170,251,236
170,254,202
170,254,205
170,254,205
170,253,206
170,254,207
170,253,207
170,254,208
170,255,210
170,255,210
170,255,208
171,255,206
171,254,207
171,253,208
170,254,206
171,255,203
170,254,204
170,251,203
170,254,200
170,254,197
170,255,193
170,254,189
171,254,184
171,255,179
171,254,175
172,249,174
172,249,167
172,252,161
173,252,156
173,253,153
172,253,151
172,250,149
173,246,146
173,246,143
172,249,137
172,249,133
173,247,131
173,251,125
174,249,121
175,255,107
176,250,98
1,196,104
8,173,115
13,177,114
17,172,117
20,162,118
22,152,119
23,145,121
22,145,120
23,149,116
24,160,115
26,157,115
27,152,114
30,149,113
31,144,119
33,143,128
33,148,133
33,151,132
33,151,133
33,148,133
33,147,137
34,145,139
34,148,141
34,146,143
35,137,149
35,132,155
36,129,160
36,127,162
37,126,166
37,124,169
37,124,175
38,120,180
38,121,185
38,120,187
39,119,191
39,118,193
38,114,196
37,113,197
38,109,199
38,109,202
40,108,206
39,107,207
36,111,197
33,122,177
28,167,133
26,177,131
27,135,168
29,109,192
33,100,207
35,96,212
35,96,218
35,91,223
36,90,226
37,88,225
35,88,221
34,85,218
35,79,213
33,73,204
27,90,153
15,169,104
3,255,88
178,243,125
174,239,161
172,239,190
171,237,218
170,242,232
170,252,236
170,254,236
170,252,230
170,255,201
170,255,204
170,254,205
170,254,205
170,254,205
170,255,205
170,254,206
170,255,207
170,255,206
170,254,206
170,253,207
170,251,208
170,250,209
171,251,206
171,254,204
170,252,202
170,251,203
170,255,199
170,255,196
170,255,193
171,255,188
171,255,183
171,255,178
172,255,176
172,251,173
172,249,167
172,252,161
173,252,156
173,252,152
172,255,149
173,250,147
173,246,146
173,244,141
172,246,136
172,245,133
173,247,131
173,249,126
173,249,120
175,250,109
176,240,102
0,191,108
8,179,117
14,181,114
17,174,117
19,167,119
21,157,120
23,145,121
22,143,121
23,148,119
24,156,118
25,160,115
28,156,113
30,149,116
31,143,123
33,143,128
32,145,130
33,149,132
33,149,132
33,148,133
34,147,137
34,144,140
34,147,142
35,145,144
35,136,150
36,131,158
36,128,161
37,127,165
37,124,168
37,122,171
38,122,177
38,120,181
38,121,186
38,119,188
39,119,191
39,116,196
38,112,200
38,111,202
38,108,203
39,109,204
40,109,206
40,111,206
38,112,201
35,116,191
31,135,157
29,143,150
29,125,171
30,109,188
33,100,206
35,96,213
36,93,221
37,93,226
37,91,228
37,91,227
35,90,223
35,88,220
36,82,215
33,74,207
26,88,160
13,162,115
3,255,100
178,244,136
174,240,171
171,241,200
170,241,223
170,244,234
170,251,234
170,253,232
171,255,224
170,255,204
170,255,204
170,255,204
170,255,204
170,255,203
170,255,205
170,253,207
170,253,209
170,254,208
170,253,207
170,251,208
171,249,208
171,249,208
170,251,206
170,255,203
170,255,200
170,255,201
170,254,200
170,255,194
170,255,191
171,255,187
171,254,182
171,255,177
172,255,172
172,255,169
172,255,163
172,253,157
173,253,153
173,253,151
172,255,146
173,251,143
172,248,144
172,244,140
172,242,137
172,241,132
173,247,129
173,247,124
173,249,120
175,250,109
176,233,105
0,188,110
8,180,116
13,182,115
17,180,119
19,174,120
21,160,118
22,151,120
22,140,120
22,143,121
24,148,121
26,156,116
28,160,113
30,151,115
30,142,122
33,138,129
33,136,131
33,141,132
33,146,131
34,148,134
34,147,137
34,144,140
35,147,142
35,144,145
35,139,150
35,136,156
36,127,162
37,126,166
37,123,170
37,122,172
38,123,176
38,120,181
38,120,187
38,118,190
39,119,195
39,114,199
38,111,203
38,108,204
39,108,205
40,108,205
40,112,205
40,113,204
38,113,205
36,112,202
33,117,188
32,116,181
31,114,181
32,107,191
33,100,207
35,95,215
37,93,224
38,91,229
38,91,231
37,91,228
36,92,225
35,88,220
36,82,215
33,74,206
23,89,166
12,160,123
3,250,113
177,237,156
173,231,193
171,232,219
170,240,231
170,248,234
170,252,230
171,254,225
171,255,214
170,255,204
170,255,204
170,255,204
170,255,204
170,255,203
170,255,205
170,251,208
170,250,211
170,251,210
171,255,205
171,255,206
171,254,207
170,253,207
170,254,206
170,255,203
170,255,202
170,255,200
170,251,202
170,254,196
170,255,192
171,254,186
171,252,183
172,254,177
172,255,171
172,255,166
172,255,159
173,255,154
173,255,152
173,253,149
173,255,144
172,253,141
172,248,140
172,242,138
172,244,134
172,243,129
173,249,126
173,251,122
173,255,117
175,255,107
176,229,107
0,186,111
8,180,116
13,182,115
17,181,120
19,174,120
21,163,117
21,151,118
22,137,119
23,138,120
24,143,118
26,150,117
28,160,113
30,161,111
30,147,118
32,132,129
33,130,133
34,134,131
34,147,132
34,148,134
34,147,137
34,145,139
35,147,142
35,145,144
35,141,150
35,137,154
37,130,161
37,127,165
37,123,170
37,122,172
38,124,175
38,121,179
38,121,186
38,121,192
39,118,197
39,116,202
39,111,204
39,109,204
40,109,204
40,109,206
40,112,205
40,117,203
38,114,206
37,112,203
35,108,201
33,107,197
33,109,188
33,107,190
33,100,206
35,97,215
37,92,225
38,91,230
38,90,232
37,91,229
36,92,224
35,92,220
36,82,214
32,72,203
23,90,168
10,157,133
1,237,125
177,234,169
173,231,206
171,233,228
170,244,234
170,251,232
170,253,226
171,253,218
172,255,205
170,254,206
170,254,206
170,254,206
170,254,206
170,255,205
170,255,207
170,251,210
170,250,213
170,251,212
170,255,211
170,255,211
170,255,211
170,251,212
170,253,212
170,253,209
170,253,208
170,251,207
170,249,204
170,251,199
170,254,191
171,252,187
171,252,183
172,252,176
172,254,171
172,255,165
172,255,159
173,255,153
173,255,149
172,253,147
173,253,142
173,250,141
172,246,139
172,242,135
172,245,128
172,247,125
173,251,122
173,251,120
174,255,113
175,255,106
176,227,108
0,182,112
7,174,117
13,177,115
16,176,120
19,169,121
21,158,118
22,145,116
22,132,118
23,128,118
23,138,116
26,146,115
28,156,113
30,161,111
30,148,117
32,135,127
33,126,130
34,131,130
34,141,132
35,148,136
35,149,137
35,147,139
35,148,141
35,144,145
36,137,151
36,133,155
37,130,161
37,127,165
37,123,170
37,122,172
38,124,175
38,121,179
38,121,186
38,121,191
39,117,198
39,116,202
40,112,205
40,109,205
40,106,207
40,108,208
40,115,207
39,117,202
38,114,203
36,112,202
35,108,201
33,104,198
33,106,190
33,109,189
33,103,201
35,98,213
38,92,227
39,88,231
38,90,233
37,91,229
35,91,223
35,92,220
36,82,215
32,71,205
21,91,174
9,153,143
0,227,138
176,237,181
173,237,211
171,239,230
170,251,232
170,253,228
171,255,216
172,253,207
172,255,195
170,254,208
170,253,209
170,253,209
170,253,209
170,255,207
170,255,210
170,253,212
170,251,214
170,255,214
170,251,218
170,253,217
170,254,216
170,254,215
170,253,213
170,253,212
170,253,209
170,253,208
170,249,206
169,251,200
170,254,194
171,252,187
171,252,183
172,254,175
172,255,170
172,253,166
172,255,159
173,255,152
173,255,149
172,255,146
173,251,143
173,248,139
172,246,136
172,243,131
172,245,126
173,243,123
173,251,121
173,251,119
174,255,112
175,253,106
176,218,109
0,174,114
7,169,116
13,173,115
16,172,120
19,167,122
21,156,119
22,144,117
22,127,116
23,127,116
24,136,116
26,148,114
28,154,114
30,155,115
30,145,120
32,137,125
33,128,128
34,131,130
35,139,136
35,147,137
35,146,138
35,147,139
35,144,142
35,142,147
36,135,153
36,132,157
37,128,163
37,125,167
37,122,171
37,121,173
38,123,176
38,124,181
38,120,187
38,121,191
39,120,198
39,116,202
40,111,206
41,109,209
41,105,211
41,107,213
39,113,208
38,116,202
37,116,200
35,111,202
34,107,201
33,105,197
33,105,191
33,107,188
33,107,197
35,99,211
38,89,227
39,86,232
38,86,233
36,89,228
35,92,222
35,92,220
36,81,216
32,70,208
20,91,180
7,150,150
179,228,144
175,236,188
173,234,220
171,236,237
170,248,232
170,255,222
172,255,206
172,254,198
172,255,187
170,255,210
170,254,211
170,254,211
170,254,211
170,254,211
170,255,211
170,255,213
170,255,215
170,255,217
170,255,220
170,254,221
170,254,221
170,255,218
170,255,216
170,254,215
169,253,212
169,253,210
169,255,204
170,250,203
170,252,197
170,248,193
171,249,186
171,249,181
172,255,172
172,250,168
172,255,160
172,255,155
172,255,150
173,255,143
173,255,139
173,251,136
172,249,133
172,243,129
172,245,124
172,244,120
173,251,119
173,253,115
174,255,108
175,255,103
176,215,109
0,172,113
8,169,115
13,168,114
16,174,119
19,169,121
21,158,118
22,149,116
23,130,116
24,126,115
25,136,114
27,144,113
28,157,112
29,157,117
30,142,122
32,138,124
33,127,129
34,129,132
35,141,134
35,146,138
35,143,141
35,145,141
35,144,142
35,141,145
36,134,154
36,129,160
37,128,164
37,124,168
37,120,174
37,120,174
38,122,178
38,124,181
38,119,189
39,120,193
39,119,199
39,116,203
41,112,207
42,109,210
42,107,214
41,107,216
39,111,209
37,116,200
35,117,191
33,112,196
33,101,201
33,99,200
33,103,190
33,110,183
34,110,194
35,99,214
38,88,228
39,86,232
37,86,234
36,88,231
35,91,224
35,91,221
37,81,216
32,71,206
19,88,188
7,138,164
179,219,157
175,223,205
173,232,224
171,238,231
170,253,222
170,255,211
172,255,194
173,255,185
173,255,180
170,253,213
170,254,212
170,253,213
170,253,213
170,254,215
170,254,215
170,255,216
170,255,218
170,255,220
170,255,219
170,255,220
170,254,221
170,255,218
170,255,216
170,253,216
169,253,214
169,253,210
169,253,208
170,249,206
170,250,200
170,246,197
171,247,189
171,245,185
172,252,176
172,248,172
172,253,162
172,252,154
172,255,149
173,255,142
173,255,137
173,253,135
172,247,132
172,241,128
173,243,123
173,240,119
173,246,116
174,246,113
174,255,107
176,250,100
177,211,109
1,175,112
8,166,115
14,169,113
17,171,118
19,167,119
21,161,117
23,151,115
24,133,115
25,130,116
27,139,112
27,156,108
28,159,111
29,151,118
30,145,120
31,137,125
33,130,131
34,132,133
34,140,133
35,141,137
35,138,140
35,142,142
35,142,142
35,140,146
35,133,153
36,129,160
36,127,163
37,125,167
37,121,173
38,121,175
38,121,179
38,123,182
39,119,190
39,120,193
39,119,199
39,116,203
41,112,207
42,109,210
42,107,214
41,107,217
38,111,210
36,115,200
34,119,189
33,112,194
32,100,205
32,95,207
33,101,194
34,111,182
35,112,194
36,100,214
38,91,229
39,86,232
37,83,234
37,86,232
35,90,226
35,88,221
37,81,218
32,70,208
19,90,187
7,137,170
178,210,166
175,221,209
172,237,218
171,247,221
170,255,212
171,254,204
172,255,184
173,255,176
173,255,175
170,253,216
170,255,214
170,254,215
170,254,215
170,255,216
170,255,218
170,255,220
170,255,220
170,255,220
170,255,220
170,255,218
170,255,218
170,254,217
170,255,216
170,253,216
170,253,214
170,250,211
170,250,210
170,246,208
170,250,200
170,247,196
171,248,190
171,248,186
172,252,178
172,249,174
172,252,163
172,248,156
172,252,151
173,253,142
173,255,137
173,255,133
173,251,129
173,247,124
173,244,119
173,242,116
173,248,113
174,246,111
175,253,104
176,244,97
178,203,107
2,168,112
9,160,115
14,166,115
17,169,119
20,173,118
22,167,116
24,157,114
24,144,113
27,139,112
27,140,113
27,159,106
27,166,109
28,159,111
30,149,113
30,138,122
32,132,129
34,137,132
34,141,132
34,143,136
34,140,138
34,142,140
34,141,141
35,138,146
35,133,153
36,130,159
35,124,162
36,123,166
37,121,173
38,120,176
38,120,181
38,122,184
39,119,191
39,121,192
39,117,200
40,116,204
41,112,207
41,112,210
41,109,215
41,109,219
38,111,212
36,113,204
34,118,186
33,113,187
32,101,201
32,93,212
33,98,204
34,104,193
35,108,201
36,99,216
38,91,230
39,85,233
37,82,235
36,82,233
35,89,227
35,88,223
37,81,218
32,72,210
19,88,192
6,130,176
178,209,171
175,221,209
172,237,216
171,249,213
171,255,200
171,255,192
173,255,174
174,253,169
174,255,170
170,253,218
170,253,218
170,254,217
170,254,217
170,255,218
170,255,221
170,255,221
170,255,221
170,255,219
170,255,218
170,254,217
170,254,217
170,254,215
170,255,214
170,253,213
170,253,212
170,251,210
170,253,208
170,250,205
170,254,197
170,251,193
171,251,188
171,249,183
171,255,177
172,251,173
172,246,166
172,242,158
172,247,151
173,251,143
173,255,137
173,255,129
173,255,124
173,255,119
173,248,115
174,246,112
174,250,110
174,248,106
176,252,99
177,242,96
179,192,106
4,166,112
10,159,114
15,166,114
17,173,118
20,173,118
22,173,115
24,161,114
26,146,112
27,141,112
27,140,113
27,153,107
26,173,100
26,188,92
27,170,99
30,144,115
31,137,125
33,139,128
33,141,132
34,139,134
34,141,137
34,139,139
34,141,141
34,137,145
34,133,152
35,129,158
35,124,163
36,123,166
37,120,174
38,120,177
38,118,183
38,121,186
39,118,192
39,120,193
39,117,200
40,116,205
41,112,208
41,113,212
41,110,217
40,109,220
39,110,216
37,109,208
35,118,184
33,119,174
33,111,184
33,96,207
33,94,214
35,99,212
36,99,217
37,97,223
38,91,232
39,87,234
38,83,236
37,83,234
37,87,229
37,89,224
37,83,219
32,74,210
18,90,198
6,130,180
178,208,172
174,223,206
172,236,212
171,245,207
172,255,189
172,255,180
173,255,168
174,253,165
174,255,168
170,254,219
170,249,223
170,252,221
170,253,220
170,253,220
169,254,222
169,254,222
169,255,222
169,255,220
170,255,218
170,254,217
170,255,216
170,255,214
170,255,211
170,253,211
170,254,208
170,253,207
170,255,201
170,254,200
170,255,193
170,254,189
171,252,184
171,248,182
171,252,176
172,246,173
172,240,167
172,241,160
172,245,152
172,251,142
173,255,135
173,255,130
173,255,125
173,253,120
174,253,113
174,250,110
174,253,107
175,250,103
177,255,96
178,239,93
0,185,105
5,163,114
10,159,112
15,167,113
17,174,117
20,173,118
22,171,116
24,164,115
26,148,114
27,139,114
27,144,110
25,146,110
24,185,88
24,240,68
25,201,80
27,154,106
30,138,118
33,139,128
33,139,134
33,138,135
33,140,137
33,140,137
33,141,139
34,137,145
34,131,152
35,127,159
35,124,163
36,122,167
37,120,174
38,120,177
38,118,183
38,121,186
39,118,193
39,120,195
40,115,200
40,113,204
40,113,210
40,113,213
40,110,218
39,107,221
39,108,219
38,108,214
36,117,188
35,122,174
35,116,180
35,103,204
35,96,217
35,96,221
37,96,226
38,95,229
38,93,235
39,91,235
39,85,235
38,84,234
37,88,230
37,89,227
37,85,222
32,77,212
19,93,198
7,131,187
178,200,175
174,223,204
172,240,202
172,248,196
172,255,179
173,255,172
174,255,164
174,252,161
174,255,164
170,253,220
170,248,224
170,249,223
170,252,221
170,252,221
169,253,223
169,253,223
169,255,223
169,255,221
170,255,218
170,254,217
170,255,216
170,255,213
170,255,211
171,253,208
170,254,206
171,254,204
170,255,198
171,252,196
170,255,188
171,255,183
171,255,177
171,254,174
171,255,167
171,252,165
172,249,159
172,247,156
173,245,150
172,246,145
173,248,139
173,249,132
173,255,125
173,255,117
174,250,111
174,248,109
174,253,104
176,252,99
177,255,93
179,236,92
2,186,103
5,158,113
10,155,115
15,163,116
17,168,120
19,171,122
22,169,119
24,165,116
25,145,114
27,139,112
26,139,108
25,141,107
23,188,80
22,255,54
23,231,65
25,165,94
29,134,116
31,135,127
33,135,132
33,138,135
33,137,136
33,141,136
33,140,137
33,138,142
33,131,150
34,127,157
35,124,163
35,121,166
37,120,174
38,120,176
38,119,182
39,119,186
39,118,192
40,118,195
40,111,199
40,112,205
39,112,210
39,114,215
39,112,219
39,110,222
39,106,221
39,105,217
38,106,207
38,109,199
37,107,202
36,101,213
36,98,219
36,97,221
37,96,226
38,94,231
38,95,235
38,94,234
39,87,235
39,85,235
38,87,231
38,88,228
38,88,224
32,79,214
19,95,198
7,128,191
178,197,177
174,227,197
172,247,192
172,254,184
173,255,169
174,253,165
174,253,160
174,252,159
174,253,162
170,252,223
170,252,224
170,253,223
169,253,220
169,253,220
169,254,222
169,254,222
169,255,221
169,255,221
170,255,219
170,255,217
170,255,215
170,255,213
171,255,210
171,254,207
170,255,205
171,254,201
171,255,195
171,251,192
171,255,184
171,255,178
171,255,169
171,255,165
172,255,157
172,255,155
172,255,149
172,255,149
173,250,147
172,246,145
173,244,141
173,245,134
173,251,126
174,255,116
174,253,110
174,253,107
175,255,102
176,255,98
178,252,92
179,232,90
2,183,103
6,156,113
10,148,117
14,154,119
16,161,122
18,162,123
21,165,119
23,160,116
24,146,112
25,140,111
24,135,108
23,138,102
20,181,76
19,237,56
20,242,57
23,178,79
27,132,112
30,131,121
32,131,130
33,138,133
33,137,134
32,141,134
32,140,135
33,137,140
33,133,148
34,128,155
35,124,163
35,121,167
36,117,174
38,120,177
38,119,182
39,119,186
39,118,192
40,117,196
40,112,201
40,108,205
39,112,212
39,113,214
39,112,217
39,111,221
40,107,222
40,104,220
40,98,224
40,98,224
39,99,224
38,98,224
38,100,224
37,97,223
38,96,226
38,94,230
38,99,234
38,96,233
39,90,235
39,85,235
39,89,232
38,92,227
38,90,223
32,80,214
19,96,202
7,128,195
178,198,175
174,232,188
173,252,183
173,255,179
174,255,163
175,255,159
174,253,158
174,253,158
174,255,161
170,252,225
170,255,222
170,255,221
169,254,222
169,254,222
169,253,223
169,254,222
169,255,221
169,255,221
170,255,217
170,255,217
170,255,215
170,255,213
170,255,211
171,254,207
171,254,205
171,255,200
171,255,193
171,251,190
171,255,181
171,255,174
172,255,166
171,255,161
172,255,153
172,255,152
173,255,149
173,255,145
173,255,141
173,253,140
173,249,138
173,247,135
173,247,128
173,247,122
174,255,108
174,255,103
175,255,99
176,255,96
177,255,90
0,226,88
4,186,100
8,162,112
11,152,116
15,158,116
17,160,121
19,159,122
21,159,119
23,156,116
24,146,112
25,137,110
24,133,107
23,136,94
19,164,70
17,185,58
18,219,50
21,185,66
26,132,106
29,130,116
30,128,128
32,129,132
33,132,135
33,137,134
32,141,134
33,141,139
33,134,147
33,128,153
34,123,162
35,116,167
37,113,176
37,116,178
38,116,182
38,119,185
39,116,192
40,114,195
40,110,201
40,111,207
39,112,212
39,113,214
39,112,216
39,108,219
40,107,222
41,102,222
42,98,226
42,97,229
40,98,228
40,102,226
38,99,226
38,98,228
38,95,228
38,98,230
38,99,231
38,97,232
39,90,236
39,88,236
39,92,231
39,94,226
38,91,221
31,83,213
19,98,203
8,127,195
179,192,174
175,230,182
174,254,172
173,254,171
174,255,158
175,252,156
175,250,157
174,252,157
174,253,160
169,248,229
169,254,224
169,255,223
169,255,222
169,255,221
169,255,221
170,255,221
169,255,220
170,255,218
170,255,216
170,254,215
170,255,214
170,255,211
170,255,209
171,254,207
171,255,204
171,254,200
172,255,192
171,254,188
172,255,180
172,251,174
172,255,164
172,255,159
172,255,150
173,255,148
173,255,144
174,253,141
173,255,139
173,253,138
173,253,136
174,247,134
174,247,131
173,243,124
173,250,112
173,255,104
174,255,97
174,255,94
176,255,86
0,217,88
5,176,103
10,163,111
14,165,116
17,163,119
19,169,118
21,171,115
23,156,116
24,148,114
24,148,110
25,144,108
24,143,102
23,141,83
19,149,58
17,142,52
13,164,45
18,183,53
23,148,95
25,136,118
29,128,126
31,126,132
32,125,135
33,130,133
33,139,138
33,142,140
33,136,150
33,128,155
32,116,162
33,111,168
35,109,173
37,112,178
38,115,184
38,115,189
39,110,194
39,110,195
39,113,201
39,114,206
39,111,211
39,111,213
39,111,214
39,108,215
40,105,219
41,105,222
42,100,229
42,100,230
41,102,231
40,100,229
39,99,229
39,102,228
38,98,229
38,96,233
38,93,233
38,92,236
38,89,237
38,89,234
39,92,231
39,93,228
37,90,224
30,80,216
20,96,204
9,128,192
1,200,159
177,233,165
175,250,157
175,252,156
174,255,151
174,255,152
174,255,153
174,253,154
174,252,159
169,252,226
169,254,226
169,255,225
169,255,223
169,255,223
170,254,222
170,255,221
170,255,220
170,255,218
170,255,216
170,254,215
170,253,213
170,255,211
170,255,209
170,255,207
171,255,204
171,254,199
172,255,191
172,254,187
172,255,179
172,254,172
172,255,163
172,253,157
172,255,149
172,255,146
173,255,141
174,255,139
174,255,137
174,255,134
174,255,134
174,251,132
174,247,131
174,241,125
173,246,114
173,253,105
173,255,97
174,255,91
176,255,83
0,211,87
6,178,103
11,168,111
15,170,117
18,168,120
21,169,119
22,166,117
24,153,117
24,145,116
24,145,114
24,141,112
24,145,100
23,152,77
19,148,50
11,114,47
10,134,42
15,163,50
21,151,88
24,144,110
28,128,126
31,124,130
32,122,134
33,128,135
33,138,139
33,143,141
32,136,150
32,128,153
31,112,162
33,106,168
35,106,174
36,107,178
37,114,183
38,112,189
38,110,193
39,109,196
39,115,198
39,114,205
40,112,211
40,111,213
39,110,211
39,109,213
40,105,218
40,104,221
41,102,231
42,102,232
41,102,229
41,102,227
39,103,228
39,101,229
39,100,232
38,95,235
38,92,235
38,89,238
38,89,238
39,91,236
39,91,232
39,92,229
37,90,225
31,81,218
21,95,202
10,132,186
2,214,148
178,233,154
176,246,150
175,250,151
174,255,147
174,255,149
174,255,149
174,253,151
174,253,156
169,254,224
169,253,227
169,254,226
169,254,224
169,254,224
169,253,223
169,253,220
169,254,219
170,255,218
170,255,216
170,253,216
170,253,214
170,254,212
170,255,210
170,254,206
171,255,203
171,254,199
171,255,191
172,254,187
172,255,179
172,254,172
172,255,161
172,255,157
172,255,150
172,253,147
173,255,141
173,253,138
174,255,134
174,255,131
174,255,129
174,255,128
174,249,127
174,240,123
173,244,113
173,245,106
173,255,98
175,255,90
176,255,83
1,209,89
6,175,105
11,168,111
15,170,117
18,169,119
20,166,118
22,166,117
23,153,118
24,145,116
24,148,114
24,142,111
24,156,93
23,169,68
17,155,46
11,112,48
8,111,46
12,150,51
19,151,86
23,141,110
27,126,125
30,120,128
31,116,132
32,125,135
33,132,141
33,142,142
32,136,150
32,127,154
33,113,163
33,107,167
35,106,173
37,109,177
38,114,183
39,113,190
39,110,194
38,112,195
39,115,198
39,114,205
40,112,212
40,111,214
39,109,213
39,108,214
39,106,218
40,106,223
41,103,232
42,104,234
41,104,230
41,105,228
40,100,229
39,98,232
39,96,236
39,95,239
38,91,240
39,89,242
38,91,242
38,92,238
39,92,234
39,92,231
37,88,228
33,81,221
22,93,200
12,132,176
3,225,134
178,242,142
177,251,143
175,253,145
175,255,144
174,255,146
174,255,148
174,253,152
174,252,157
169,254,224
169,254,226
169,255,223
169,255,223
169,253,223
169,253,220
169,254,219
169,254,219
169,254,218
170,254,215
170,253,214
170,253,214
170,253,212
170,254,208
170,255,205
170,254,201
171,254,196
171,255,191
172,252,186
172,255,178
172,252,173
172,255,162
172,252,157
172,255,151
172,253,146
173,253,140
173,253,136
173,255,132
174,255,128
174,255,126
174,255,123
174,249,122
174,242,120
174,248,111
174,243,107
173,255,100
175,255,91
177,255,83
1,205,91
6,172,108
11,166,112
15,171,116
17,173,118
19,169,118
22,166,117
23,153,118
23,147,118
23,152,114
23,149,108
23,171,85
22,190,63
17,157,47
8,98,52
3,102,50
11,143,50
17,148,81
22,130,110
26,122,123
29,118,128
31,116,132
32,121,135
33,131,140
33,139,141
32,131,150
32,125,155
33,114,161
33,108,165
35,107,171
37,111,175
38,115,182
39,113,189
39,110,195
38,112,196
39,114,199
39,114,205
40,111,213
40,110,216
39,108,215
39,107,217
39,105,220
39,105,223
41,104,231
42,103,235
41,103,233
41,104,231
40,99,232
39,96,236
39,95,238
39,92,240
39,91,244
39,88,244
38,90,243
39,92,241
39,91,236
38,90,232
37,88,228
33,81,221
24,90,198
13,131,169
3,236,123
179,245,134
177,251,138
175,253,140
175,255,141
174,255,145
174,255,148
174,250,152
174,249,157
170,253,224
170,255,222
170,255,221
169,255,221
169,255,220
169,254,219
169,255,217
169,255,217
169,254,216
169,255,215
169,253,214
169,254,213
170,254,211
170,255,207
170,255,204
170,255,199
171,254,195
171,254,190
172,252,186
172,254,177
172,251,173
172,253,162
172,252,157
172,255,150
172,255,145
173,251,140
173,251,135
173,255,129
173,255,126
174,255,122
174,255,120
174,255,118
174,248,115
174,248,109
174,243,107
174,250,101
175,255,91
177,255,86
1,209,94
6,174,113
11,168,117
13,164,121
17,169,119
19,167,119
21,164,120
22,154,121
24,150,119
23,152,114
23,153,105
23,182,80
21,194,59
14,146,47
5,90,51
0,92,50
7,139,46
15,153,70
20,139,99
24,119,122
28,120,128
29,112,132
31,120,134
33,128,139
32,135,140
32,129,150
32,125,155
33,114,161
34,109,166
35,108,170
37,111,175
38,115,182
39,113,190
39,109,196
38,111,198
39,114,199
40,112,205
40,112,212
40,110,216
39,109,218
39,108,220
39,107,221
39,107,222
41,105,231
41,104,236
41,102,236
40,102,233
40,98,234
39,94,236
40,93,238
40,92,240
40,91,245
39,91,245
39,91,245
39,92,241
39,90,237
38,90,232
37,89,227
33,82,219
25,88,194
14,131,164
4,242,114
179,245,128
177,249,134
175,253,137
174,255,140
174,253,144
174,255,148
174,252,151
173,252,156
170,253,224
170,255,222
170,255,221
169,255,219
169,255,218
169,255,217
169,254,216
169,254,216
169,253,214
169,254,213
169,253,212
169,254,211
169,255,208
170,255,206
170,254,202
170,255,199
171,254,193
171,255,189
171,254,184
172,255,174
172,251,170
172,255,160
172,252,154
172,255,148
172,255,141
172,253,137
173,253,132
173,251,129
173,255,125
173,255,122
174,255,116
175,255,112
175,253,110
174,245,107
174,243,104
174,247,100
175,255,92
177,252,88
1,205,97
6,171,115
11,164,120
13,163,122
17,169,119
19,166,120
21,162,121
22,154,121
23,151,120
23,152,114
23,159,104
22,183,78
20,197,57
13,157,47
5,96,48
177,99,49
1,114,47
13,162,60
18,152,82
23,120,117
26,118,127
28,111,133
30,115,133
31,124,138
33,131,140
32,125,151
32,122,155
33,114,163
34,109,166
35,108,170
37,111,175
38,115,182
39,113,190
39,110,195
39,109,197
39,111,200
40,112,205
40,109,210
40,110,216
39,108,219
39,107,222
39,106,223
39,106,223
41,104,233
41,103,238
41,101,238
40,100,236
40,94,235
40,94,237
40,91,240
40,91,242
40,90,247
40,90,247
39,90,246
38,91,242
39,90,238
38,89,234
37,88,228
34,82,220
27,86,189
15,128,159
5,248,107
0,242,122
177,247,130
175,253,133
174,251,139
173,253,142
174,255,145
174,253,149
173,252,153
170,253,224
170,253,224
170,255,222
170,255,220
170,254,219
170,251,219
170,250,218
170,251,217
170,253,214
169,253,214
169,253,212
169,255,208
169,255,206
170,255,204
170,254,200
170,255,196
171,255,190
171,255,186
171,255,181
172,255,171
172,253,167
172,255,157
172,253,152
172,255,145
172,255,141
172,251,136
172,253,131
172,253,126
173,249,123
173,253,119
174,255,115
175,255,110
175,255,107
175,250,103
175,248,102
174,252,98
175,255,94
177,244,91
1,205,102
6,173,118
10,164,121
13,164,121
17,171,118
19,162,120
21,158,121
22,155,120
23,153,118
23,153,113
23,159,104
22,185,77
19,185,58
11,143,48
0,87,47
174,95,51
179,98,52
10,148,57
16,156,72
21,124,107
25,122,123
27,110,134
30,116,132
31,121,137
33,126,142
32,124,152
32,122,155
33,115,162
34,109,166
37,109,171
37,111,174
38,112,180
38,111,188
38,110,193
39,110,195
39,111,200
40,112,205
40,109,210
40,110,216
39,108,219
39,106,223
39,108,225
39,107,228
40,106,234
41,103,236
41,101,238
40,100,238
40,93,238
40,93,239
40,91,241
41,91,245
40,90,250
40,89,249
39,90,247
38,90,243
38,91,239
37,89,234
37,87,228
34,82,221
29,84,185
17,126,154
6,252,101
0,244,118
177,249,125
175,253,130
174,251,136
173,255,139
173,253,145
173,253,149
173,252,153
170,254,223
170,252,225
170,254,222
170,255,221
170,251,219
170,250,220
170,250,218
170,253,214
170,254,213
170,251,213
170,251,210
169,255,207
170,255,204
170,254,202
170,252,198
170,254,195
171,254,189
171,255,183
171,254,179
172,255,169
172,253,164
172,255,155
172,252,151
172,255,145
172,255,140
172,253,135
172,253,129
172,253,125
173,249,122
173,251,119
174,255,112
175,255,106
175,255,103
175,255,99
175,252,98
174,255,97
176,250,96
178,234,95
1,199,105
6,173,118
11,171,119
14,167,122
17,167,119
19,159,122
21,157,122
22,156,119
23,153,118
23,152,114
23,156,106
22,179,77
19,179,60
11,132,52
0,85,48
171,93,52
173,101,53
4,127,56
13,143,68
19,134,99
23,123,118
26,115,131
29,114,130
31,118,136
32,121,141
33,120,153
33,118,155
33,115,162
34,110,165
37,109,171
37,111,174
38,112,180
38,111,188
38,110,192
38,110,193
38,111,198
39,109,204
40,109,210
40,107,214
39,108,218
39,107,222
39,104,227
39,106,230
40,107,232
41,104,234
41,102,236
40,100,238
40,92,240
40,92,240
40,89,241
41,91,245
40,87,251
40,89,249
39,90,246
38,90,241
37,91,238
37,89,234
37,87,228
35,83,221
30,85,186
18,122,153
6,250,99
1,244,115
178,247,124
176,251,129
174,251,136
173,255,138
173,253,145
173,252,147
173,253,151
169,253,227
169,253,225
169,253,223
170,255,221
170,254,217
170,255,216
170,253,216
170,253,213
170,254,212
170,254,211
170,254,208
170,254,208
170,253,206
170,251,202
170,254,196
170,255,192
171,254,186
171,255,181
171,254,175
172,255,167
172,252,163
172,253,153
172,252,148
172,255,143
172,255,137
172,255,131
172,253,129
172,251,123
173,251,119
173,253,113
174,255,109
175,255,105
175,255,101
175,255,96
175,255,95
175,252,98
176,255,94
178,231,96
2,194,109
7,169,125
11,167,122
14,166,123
17,163,122
19,156,124
21,156,121
22,157,122
23,151,120
23,154,114
22,153,105
21,184,72
18,190,55
10,130,49
178,83,49
167,96,53
170,96,56
1,98,57
11,149,60
18,151,83
22,137,104
26,120,121
29,116,130
30,115,138
31,121,141
33,118,151
33,120,153
33,115,162
34,113,165
35,108,170
37,113,172
37,113,179
37,111,186
37,111,188
36,112,191
38,107,197
38,107,205
40,109,211
40,108,213
39,107,219
39,106,224
39,105,226
39,104,228
40,104,231
41,104,234
40,100,237
40,98,241
40,92,241
40,92,242
40,88,243
41,90,246
40,88,249
40,89,249
39,92,246
38,92,245
36,90,238
36,88,234
35,89,226
35,82,224
31,85,190
19,126,150
6,255,94
1,250,110
178,245,122
176,249,130
174,249,137
173,251,141
173,251,143
173,253,147
173,253,151
169,254,226
169,254,224
169,254,222
170,255,220
170,255,218
170,254,217
170,253,216
170,253,213
170,254,212
170,251,212
170,254,208
170,255,205
170,255,203
170,255,199
170,254,195
171,255,190
171,251,186
171,255,177
172,255,172
172,255,164
172,253,160
172,255,150
173,252,146
172,255,139
172,255,135
172,255,130
172,255,125
172,253,120
172,253,116
173,253,111
174,255,106
175,255,101
176,252,97
175,255,94
175,255,92
175,250,96
176,252,93
178,229,97
2,191,111
7,165,125
11,167,125
15,166,123
18,163,122
20,160,123
21,156,121
22,157,122
23,150,121
23,154,114
22,154,104
21,182,73
18,194,54
10,139,46
178,89,46
167,96,53
171,85,57
177,102,55
10,156,54
17,159,77
20,135,106
24,114,127
28,112,132
30,115,137
31,119,139
32,115,149
33,116,154
33,115,162
34,113,165
35,107,171
36,110,174
36,108,177
36,113,181
36,113,182
35,113,188
37,108,194
39,106,203
40,106,209
40,107,215
40,103,222
39,104,225
39,104,226
39,103,230
41,103,235
41,103,236
40,99,239
40,95,241
39,92,241
40,92,242
40,90,245
40,89,247
40,89,248
39,89,249
39,92,246
38,92,245
36,90,238
35,90,234
35,89,226
34,83,224
31,86,192
20,122,150
7,255,96
1,248,111
178,243,123
176,249,130
174,251,136
173,253,140
173,251,143
173,252,147
173,252,150
169,254,227
169,254,224
169,255,220
170,255,219
170,255,218
170,253,218
170,253,216
170,254,212
170,254,212
170,248,215
171,249,211
170,251,208
171,252,202
170,254,197
171,254,193
171,255,188
171,252,183
171,255,175
172,255,170
172,255,161
172,252,157
172,255,149
173,250,144
172,255,138
172,253,135
172,255,127
172,255,124
172,255,118
173,253,111
173,253,107
174,255,102
175,255,97
175,252,93
174,255,91
175,255,90
174,252,94
176,252,91
178,223,97
2,188,110
8,167,125
12,165,125
16,164,123
18,162,123
20,160,123
21,156,121
22,157,122
23,150,121
23,153,113
22,151,103
20,172,74
18,181,55
12,133,44
2,87,44
169,85,51
171,85,57
176,104,54
8,158,50
16,152,77
20,130,110
24,110,132
28,113,135
30,111,138
31,118,140
32,115,148
33,116,154
33,114,161
33,114,163
35,111,170
36,109,175
36,109,175
35,113,171
34,118,171
34,116,181
36,109,190
38,106,200
39,106,209
40,106,216
40,103,222
40,106,224
40,104,227
40,102,233
41,101,237
41,101,238
40,96,238
40,95,241
39,92,241
40,92,242
40,89,246
40,88,250
40,89,249
39,89,250
39,92,246
38,92,245
36,92,238
35,90,234
35,89,227
34,83,224
31,87,190
20,123,149
7,255,96
1,250,111
178,245,125
175,249,132
174,251,139
173,253,140
173,251,143
173,252,146
173,252,150
169,253,228
169,253,225
169,255,222
169,255,219
170,254,219
170,253,220
170,254,217
170,255,214
170,254,212
171,248,215
171,248,212
170,250,209
171,250,204
171,252,198
171,254,191
171,255,185
171,255,179
171,255,173
172,252,169
172,255,160
172,250,155
172,253,147
172,250,143
172,253,137
172,251,133
173,255,126
173,255,122
172,255,115
173,253,109
173,255,104
174,252,98
174,252,94
175,249,90
175,252,89
174,255,87
175,255,88
176,255,85
179,217,94
3,182,109
9,165,122
13,166,121
17,166,121
19,162,120
21,158,121
22,155,120
23,158,118
23,151,120
23,153,113
22,153,102
20,174,72
18,171,58
12,122,48
2,83,46
174,82,50
169,80,54
177,94,54
8,135,51
17,140,82
20,126,113
24,109,133
28,113,135
30,110,139
31,116,143
32,113,149
33,117,153
33,115,159
33,115,159
34,113,165
34,110,170
34,108,172
33,114,168
33,120,166
33,119,171
35,109,188
37,105,200
39,102,210
40,103,215
40,102,220
40,103,223
40,101,227
41,102,236
41,101,238
41,101,238
41,97,239
40,95,241
39,92,241
40,92,241
40,92,245
40,90,250
39,89,249
39,89,249
39,93,245
38,92,243
37,92,240
35,90,236
36,91,228
34,83,223
31,88,189
20,123,149
7,255,96
1,248,112
178,245,125
175,251,134
174,251,139
173,253,140
173,253,142
173,253,145
174,253,149
169,253,228
169,252,226
169,255,223
169,255,220
170,254,219
170,253,220
170,254,217
170,255,215
170,254,215
170,254,212
171,251,209
170,253,207
171,252,202
171,252,196
171,252,192
171,254,186
171,255,179
171,255,172
172,253,167
172,253,158
172,252,153
172,255,145
172,250,141
172,255,134
172,255,130
172,255,127
172,255,121
173,255,113
173,255,107
174,252,100
174,250,96
175,247,91
175,246,87
174,249,86
174,255,83
175,255,83
176,255,80
179,208,93
4,176,110
9,160,121
14,164,118
17,167,119
20,165,119
21,156,121
22,155,120
23,160,116
24,153,117
23,151,113
22,154,101
20,176,71
17,161,57
12,120,49
2,83,46
174,80,48
174,76,54
177,88,55
8,127,52
16,146,77
20,129,107
25,117,129
28,118,132
30,111,138
31,115,144
31,112,148
31,117,151
31,117,155
32,121,156
33,114,161
33,111,167
33,105,170
32,112,169
31,120,163
32,125,163
34,109,184
37,104,202
39,100,214
40,102,217
40,102,221
40,100,224
41,99,230
41,98,236
41,99,238
41,99,238
41,97,239
40,95,241
39,94,241
39,94,241
40,94,245
40,90,248
39,89,249
39,89,248
39,93,243
39,93,243
38,93,241
36,90,238
36,90,229
35,85,223
32,88,192
21,122,152
7,252,99
1,246,115
178,245,126
175,253,133
174,253,138
173,255,139
173,255,141
173,255,144
174,255,148
169,254,227
169,252,226
169,254,224
169,255,223
169,254,222
170,255,221
170,255,218
170,255,217
170,254,215
170,254,212
171,251,209
170,254,206
171,255,200
171,255,194
171,255,190
171,254,184
171,254,178
171,255,170
171,252,165
171,255,157
172,250,152
172,255,142
172,253,137
172,255,130
172,255,128
173,253,126
173,253,121
173,255,113
173,255,104
174,250,99
174,250,93
174,249,89
174,249,85
174,246,84
174,249,80
174,255,79
176,255,77
0,200,92
5,174,110
11,155,120
15,165,119
18,165,119
20,165,119
21,155,122
23,152,119
24,161,114
24,153,117
23,150,114
22,149,99
20,170,69
17,170,54
12,125,47
5,94,46
0,71,50
0,65,55
0,77,53
8,130,51
16,181,62
20,151,91
25,123,122
28,119,131
30,113,135
31,118,141
31,113,147
31,117,151
31,118,154
32,121,156
33,115,159
31,112,161
31,107,165
31,114,164
29,125,157
30,130,153
33,112,180
35,102,198
38,99,213
40,100,217
40,99,221
41,100,226
41,99,230
42,98,235
42,96,239
41,98,240
41,96,241
40,95,242
39,94,242
39,93,243
40,93,246
40,93,248
39,89,248
39,89,248
40,94,245
39,93,243
38,93,241
37,91,239
37,91,230
35,87,222
32,89,191
21,122,152
7,250,100
1,244,116
178,247,128
176,251,135
174,253,138
173,255,139
173,253,142
174,253,144
174,255,147
169,255,225
169,253,227
169,254,224
169,254,224
169,254,222
170,255,221
170,255,218
170,255,217
170,254,216
170,251,214
171,249,211
170,253,207
171,255,200
170,255,193
170,255,189
171,255,183
171,255,176
171,255,170
171,252,164
171,253,156
172,252,151
172,255,140
172,253,135
172,255,128
172,255,127
173,255,125
173,253,119
173,253,111
174,253,103
174,247,96
174,246,90
174,252,84
175,249,80
174,249,79
174,249,79
174,255,77
176,255,75
0,194,92
6,171,109
11,154,119
16,163,117
19,159,120
21,162,118
22,153,122
23,152,119
24,161,114
24,151,115
23,143,112
22,151,98
20,173,68
19,170,51
12,125,45
8,85,45
0,61,50
0,64,56
0,76,54
10,125,51
16,212,53
20,174,79
25,131,115
29,118,128
31,113,135
32,119,141
31,113,147
31,117,151
32,119,158
32,119,158
31,115,158
31,115,157
30,110,157
30,117,157
28,126,158
29,127,159
33,109,182
35,101,199
38,99,212
40,100,217
40,99,222
41,98,227
41,96,230
42,98,235
42,96,240
42,95,242
41,93,243
40,92,242
39,93,244
39,92,246
39,94,249
40,93,248
39,89,248
39,89,250
40,93,247
40,93,246
38,94,240
37,91,238
37,91,229
35,87,222
32,89,191
21,126,152
7,252,101
1,248,117
177,247,130
176,251,135
174,251,139
174,253,140
174,248,144
174,251,145
174,255,148
169,255,224
169,255,225
169,254,226
169,254,226
169,255,223
170,255,222
170,255,221
170,255,218
170,255,216
170,254,212
171,250,210
170,253,207
171,254,199
170,255,194
171,255,188
171,255,182
171,255,174
171,255,167
171,253,163
171,253,156
171,252,149
172,255,140
172,253,135
172,255,128
172,255,125
173,255,123
173,253,118
174,253,109
174,250,101
174,244,95
174,246,87
175,249,80
175,252,77
174,248,76
174,242,76
175,252,75
177,251,72
1,194,88
6,172,107
11,155,117
16,159,117
18,160,123
21,156,119
22,153,122
24,151,118
25,159,112
24,146,115
23,145,111
22,149,96
20,167,67
17,161,54
12,117,48
8,78,49
0,60,51
0,57,54
0,67,53
9,113,54
14,185,55
19,177,75
24,130,112
28,120,130
30,116,136
31,117,142
31,115,149
31,120,151
32,118,160
32,118,160
31,114,159
31,113,156
31,114,155
30,114,157
30,119,163
31,113,174
33,103,190
35,100,202
38,98,213
39,98,218
40,97,224
40,98,228
41,98,232
42,96,239
42,95,241
41,96,244
41,95,244
40,94,243
40,94,245
39,94,248
39,94,250
39,94,249
39,92,247
39,90,251
40,92,249
40,96,248
38,94,240
38,94,238
37,94,230
35,90,224
32,89,193
21,120,155
7,245,104
1,244,119
177,247,130
175,251,135
174,251,139
174,255,139
174,246,145
174,250,146
174,253,148
170,253,224
169,252,228
169,254,226
169,254,228
169,255,227
169,255,221
169,255,219
169,255,217
170,253,216
170,253,212
170,251,208
170,255,203
170,252,201
171,254,193
171,251,188
171,254,182
171,254,175
172,255,166
171,255,160
172,255,152
171,253,148
172,255,140
172,253,135
172,255,128
172,255,125
173,255,119
174,248,115
174,250,110
175,255,98
175,255,90
175,252,83
175,245,79
175,248,74
175,248,72
175,251,71
175,248,74
179,244,72
3,198,90
6,169,107
11,154,119
15,161,117
17,155,122
19,159,119
22,150,121
24,148,121
24,149,116
25,143,116
23,136,111
21,141,94
17,176,61
13,160,51
10,127,44
5,71,47
0,61,50
0,58,53
0,58,53
8,106,48
11,179,50
17,157,78
23,125,116
27,123,129
30,119,139
31,122,144
31,121,150
32,122,155
33,121,162
33,117,164
33,108,166
33,107,167
33,108,166
34,110,169
34,110,176
35,109,184
35,100,194
36,101,202
37,98,211
38,96,220
38,97,226
39,99,230
40,98,234
40,97,237
41,97,240
41,99,243
41,98,244
41,98,246
40,97,248
40,98,252
40,98,252
40,99,251
39,95,250
39,95,250
39,95,249
39,95,250
39,96,242
38,98,238
37,94,231
35,90,224
31,86,193
19,114,166
8,239,109
1,248,117
177,245,131
174,253,138
174,255,137
174,253,140
174,245,149
174,250,147
174,255,149
170,252,225
170,249,227
170,255,225
170,255,225
170,255,226
169,255,223
170,253,220
169,253,217
170,255,212
170,254,208
170,254,206
170,255,202
170,254,197
171,255,190
171,251,186
171,255,178
171,254,173
171,255,166
172,255,160
172,255,150
172,252,147
172,255,139
172,253,135
171,255,129
172,253,126
173,253,120
174,253,113
174,255,107
175,255,98
175,255,88
176,252,81
175,252,75
175,244,71
175,251,69
176,255,67
177,251,68
0,240,68
4,194,88
8,169,107
11,153,120
14,156,118
17,155,122
19,156,121
22,148,122
24,151,118
24,153,113
24,142,115
22,138,107
20,148,86
17,176,58
12,156,49
8,119,43
0,68,45
175,64,48
177,50,51
175,57,54
5,94,49
10,165,51
16,152,77
22,125,118
26,128,131
30,121,137
30,123,141
32,124,152
33,123,159
32,117,161
33,115,166
33,106,169
33,104,171
34,108,173
35,110,176
35,111,181
36,109,187
36,105,195
37,102,203
37,99,212
38,99,220
38,100,225
39,101,230
39,99,234
39,99,237
40,98,241
40,98,241
40,99,242
41,98,246
40,97,248
40,99,250
40,99,251
40,99,251
39,97,251
39,97,251
39,95,249
39,95,250
39,97,244
38,98,240
37,96,232
35,89,226
31,85,195
19,114,166
8,239,109
2,249,119
176,244,134
174,251,140
174,255,139
174,250,143
174,248,148
175,252,149
174,252,152
170,249,225
170,248,226
170,253,222
170,255,221
170,254,223
170,253,223
170,249,221
170,249,217
170,250,211
170,255,207
170,254,205
170,255,200
170,254,197
171,255,190
171,251,186
171,255,177
171,252,172
171,253,164
171,253,158
172,255,149
172,255,145
172,255,137
172,255,132
172,255,128
172,255,125
173,249,122
174,253,113
174,255,107
174,255,99
175,249,90
176,252,81
175,252,73
175,244,71
175,248,68
176,255,65
177,255,65
0,240,66
5,193,90
9,164,106
12,148,119
16,156,116
17,153,122
19,152,124
22,146,124
23,148,117
24,149,113
24,143,114
22,144,103
20,160,78
16,176,55
11,143,50
5,102,45
0,68,45
170,64,48
169,53,53
169,49,57
5,83,52
11,159,56
17,165,74
23,134,112
26,129,130
28,122,140
30,120,144
31,118,153
32,121,156
33,114,161
33,111,166
33,104,171
33,103,174
34,109,177
35,113,181
35,114,185
36,115,187
37,108,194
37,103,203
37,99,212
38,99,218
38,101,223
39,101,229
39,99,234
39,100,237
39,98,241
39,99,239
39,98,240
40,98,245
39,96,247
39,96,247
39,96,248
39,97,249
39,96,252
38,99,251
38,97,248
38,96,249
38,99,243
38,98,238
36,98,231
34,89,226
30,83,197
19,116,167
8,241,111
2,245,123
176,244,137
174,253,141
174,253,141
174,250,146
174,252,149
174,252,151
174,252,155
170,247,224
170,248,223
170,252,220
170,255,222
170,254,221
170,255,218
170,253,216
170,251,213
170,251,210
170,255,206
170,254,205
170,255,200
170,252,197
170,254,189
171,251,185
171,254,175
171,253,169
171,255,162
171,253,156
172,255,147
172,255,142
172,255,134
172,255,132
172,255,128
172,255,125
173,249,122
173,251,116
174,253,109
174,250,101
175,250,93
175,246,83
175,248,74
175,244,69
176,240,67
176,255,63
178,255,62
1,239,64
6,186,89
10,165,105
14,151,115
16,154,116
18,151,120
19,152,124
21,144,124
23,147,118
24,146,115
24,137,115
22,143,100
20,169,74
14,170,54
8,127,52
0,82,50
175,64,48
164,60,47
164,52,54
164,47,60
2,68,56
12,158,58
17,180,71
23,139,108
26,130,129
28,121,141
30,115,146
30,113,153
31,118,154
33,114,161
33,111,166
33,105,170
33,106,173
33,111,177
34,115,182
35,117,185
35,117,186
37,111,195
38,104,204
38,102,213
38,103,217
38,105,220
39,104,227
39,102,233
39,100,236
39,98,241
39,99,240
39,97,241
39,97,243
39,96,246
39,96,247
39,96,248
38,95,248
38,99,251
38,99,251
38,97,247
38,97,247
38,100,240
37,101,234
35,100,226
33,92,225
30,85,198
19,121,169
8,241,111
2,249,124
177,244,138
174,255,144
174,255,144
174,253,148
174,250,152
174,250,153
174,253,156
170,245,226
170,244,228
170,248,224
170,252,225
170,252,223
170,253,219
170,251,217
170,249,214
170,250,209
170,255,206
170,254,205
170,255,199
170,254,196
170,255,186
171,252,181
171,255,172
171,255,166
171,253,161
171,253,154
172,255,146
172,251,142
172,255,135
172,253,132
173,255,128
172,253,126
173,253,120
173,248,117
174,248,111
174,250,101
174,252,92
175,246,83
175,248,74
175,251,67
176,243,66
177,255,61
179,251,61
3,243,63
7,185,88
11,165,102
14,153,112
17,156,113
18,151,118
20,153,120
21,146,122
23,146,119
24,140,118
23,135,115
20,147,97
18,174,72
13,167,52
7,118,54
178,77,53
164,68,49
158,62,45
156,51,50
163,40,57
2,70,55
12,170,54
18,189,70
22,143,112
25,129,132
28,121,141
30,117,144
30,111,152
31,114,155
31,112,161
31,110,164
31,105,167
33,107,171
33,112,176
33,113,182
34,117,187
35,117,191
37,109,198
38,103,206
38,102,213
38,104,215
38,107,217
39,106,224
39,103,231
39,103,235
39,101,240
39,98,242
39,96,241
39,96,241
39,95,244
38,94,248
38,93,250
38,94,247
38,98,249
37,100,250
38,99,247
38,100,246
37,103,236
36,106,229
35,105,222
33,94,224
29,89,200
18,124,171
8,242,116
2,251,126
177,249,138
174,255,147
174,255,149
174,255,149
174,250,156
174,252,157
174,255,160
170,246,226
170,243,231
170,248,226
170,253,224
170,252,223
170,249,223
170,246,222
170,247,217
170,248,211
170,255,206
169,254,205
170,255,199
170,254,194
170,255,185
170,255,178
171,255,170
171,255,163
171,253,158
171,252,153
172,255,145
172,251,142
172,255,135
172,253,132
173,255,128
172,253,126
173,255,119
173,248,117
173,248,111
174,252,100
174,252,92
175,246,83
175,248,74
175,255,66
176,247,65
177,255,61
179,255,59
3,239,64
8,178,90
12,167,101
15,158,110
18,152,114
19,154,119
20,156,118
22,152,119
23,148,119
23,142,120
23,140,111
20,157,91
17,179,67
13,170,51
7,118,54
174,77,53
159,69,48
155,71,43
156,55,46
156,47,54
2,74,52
12,170,54
18,184,72
22,142,113
25,129,132
28,116,143
30,113,145
31,112,153
31,114,155
31,113,160
31,112,162
31,107,164
31,108,168
33,114,174
33,117,181
33,116,189
35,114,195
37,104,201
38,102,208
38,102,212
38,106,212
38,109,213
39,108,219
39,107,227
39,104,233
39,101,240
39,100,242
39,98,242
39,97,240
38,95,244
38,93,250
38,89,251
38,93,248
38,99,248
37,100,250
37,98,246
37,99,244
37,105,237
35,108,227
34,104,220
32,93,224
28,93,201
18,124,173
8,240,120
2,249,129
177,250,141
174,253,150
174,252,153
174,255,153
174,255,158
174,253,161
174,250,164
170,248,227
170,251,226
170,255,222
169,255,220
170,255,221
170,254,222
170,249,219
170,250,214
170,253,208
169,255,206
169,254,203
170,255,196
169,254,192
170,255,183
170,255,178
171,255,168
171,255,162
171,255,155
172,252,151
172,255,145
172,251,142
173,255,135
173,253,132
173,255,128
173,251,127
172,249,122
173,248,117
173,250,110
174,252,100
174,250,93
174,249,83
174,248,74
175,251,67
176,247,65
177,255,60
179,255,60
3,235,65
8,173,93
12,162,104
15,156,111
18,155,115
19,157,120
21,155,120
22,152,119
23,149,118
23,145,118
22,146,110
19,159,88
17,185,62
13,165,51
5,113,52
170,78,49
159,72,46
155,73,42
156,55,46
158,52,54
2,74,52
11,157,57
17,168,76
23,134,112
26,129,130
28,115,144
30,111,147
31,112,153
33,114,156
31,113,160
32,117,161
31,112,162
32,113,167
33,116,172
33,116,176
33,114,185
34,110,194
35,100,202
37,100,207
37,103,211
38,106,211
38,109,210
38,109,216
38,106,226
38,106,234
39,101,240
39,101,240
38,98,239
38,98,240
38,94,244
38,92,250
37,91,250
37,93,250
38,96,250
38,98,251
37,99,245
37,99,245
36,104,238
35,107,227
33,104,219
31,92,224
28,92,202
18,127,173
8,238,121
2,243,133
177,248,145
174,252,155
174,249,159
173,252,160
173,253,163
173,249,168
173,248,174
169,253,225
169,253,225
169,255,223
169,255,224
169,255,222
170,255,219
170,255,214
170,255,210
170,255,206
169,254,205
169,255,202
170,255,196
169,255,191
170,255,181
170,255,175
171,255,167
171,252,162
171,253,154
172,252,151
172,255,145
172,251,142
173,255,135
173,255,134
173,255,130
173,249,128
172,245,124
172,253,116
173,255,108
174,255,102
174,250,93
174,252,82
174,252,73
174,251,69
176,251,64
177,255,59
0,255,60
2,236,67
7,172,95
11,163,105
15,157,112
18,155,115
19,155,122
21,157,122
22,155,120
23,155,117
23,148,117
22,146,110
19,161,87
17,188,61
13,168,50
5,117,48
170,83,46
158,65,43
153,62,41
156,54,47
164,51,55
2,74,52
11,157,57
17,153,80
23,129,117
26,124,132
28,116,143
30,113,144
31,115,153
33,115,160
32,116,163
32,116,162
32,116,163
32,113,167
33,117,170
33,119,173
33,113,182
34,105,191
35,95,203
35,95,206
37,100,210
37,103,210
37,108,210
38,107,216
38,105,228
38,101,237
39,101,241
39,101,239
38,99,237
38,98,240
38,95,244
38,93,249
38,91,251
38,92,251
38,95,251
38,97,252
37,99,245
36,99,245
35,102,239
35,106,228
33,104,219
30,91,223
27,93,205
18,129,174
8,238,122
2,240,137
177,245,148
174,253,158
173,250,163
173,250,168
173,246,172
173,243,177
173,244,181
169,254,222
169,255,222
169,255,222
169,255,224
169,255,221
170,255,217
170,255,213
170,255,209
170,254,206
170,255,203
170,254,200
170,255,195
170,255,187
170,255,181
170,255,173
171,255,167
171,253,161
171,250,156
172,252,151
172,255,145
172,255,140
173,255,138
173,255,134
173,255,131
173,253,126
172,255,119
173,251,115
173,255,108
174,250,104
174,252,92
174,246,86
174,252,75
174,244,71
175,251,67
176,247,65
179,255,63
2,226,71
7,176,100
11,166,109
15,162,113
18,160,116
20,158,121
22,160,121
22,159,120
23,158,118
23,151,115
22,149,108
19,173,81
17,194,59
11,168,47
3,113,45
170,87,44
158,65,43
153,62,41
156,54,47
164,51,55
0,74,55
11,149,53
17,145,79
23,124,117
27,120,132
29,112,144
31,115,149
33,118,156
33,119,161
33,122,163
33,119,167
32,110,171
32,110,171
33,115,171
33,113,174
33,109,180
34,105,185
34,94,198
34,93,200
35,94,207
36,98,211
36,101,217
37,103,220
38,100,231
38,101,238
39,101,240
39,102,238
39,102,238
39,100,243
38,97,248
38,95,251
38,93,252
38,95,252
38,95,253
38,96,250
37,96,247
36,100,242
35,103,237
34,106,229
32,103,218
30,93,220
26,95,204
17,126,176
7,227,128
1,242,135
176,247,152
174,250,164
173,253,166
172,251,172
172,244,179
172,243,185
172,242,190
170,253,220
169,255,221
170,255,220
170,255,220
170,255,219
170,255,215
170,255,210
170,255,205
170,255,201
170,255,200
170,254,197
169,255,191
170,255,185
170,255,178
171,255,173
171,253,165
171,253,161
171,252,155
172,253,150
173,255,144
172,255,140
173,255,138
173,255,134
173,255,130
173,251,126
172,255,119
173,253,114
173,255,108
174,250,104
174,252,92
174,246,86
174,248,76
174,248,73
174,248,70
175,248,68
179,255,64
1,227,72
6,178,102
11,166,112
15,163,116
18,162,118
20,162,121
22,163,119
23,166,118
23,158,118
24,155,115
22,153,105
19,178,79
17,188,61
11,155,51
3,109,47
170,71,43
158,62,45
156,61,42
158,61,46
170,57,54
0,76,54
11,144,55
17,140,82
23,119,122
27,117,135
29,112,143
31,120,147
33,118,156
33,121,162
33,124,165
33,121,168
33,114,172
32,108,174
33,112,176
33,107,179
34,106,182
34,104,179
33,99,181
33,93,192
34,91,205
35,96,209
35,98,215
36,99,222
37,98,232
38,99,237
38,98,240
39,101,239
39,101,239
39,100,243
38,97,247
38,96,250
38,95,251
38,95,252
38,95,251
38,95,251
38,96,250
36,97,241
35,102,234
34,105,224
32,104,216
30,93,221
26,95,206
17,128,178
7,224,132
0,230,143
175,244,159
173,250,169
172,252,172
172,248,178
172,247,184
172,244,188
172,246,191
170,248,222
170,252,221
170,254,219
170,255,216
170,255,215
170,255,211
171,254,207
171,254,201
171,255,196
170,255,196
170,254,194
170,254,190
170,254,183
170,255,177
171,255,171
171,255,164
171,253,158
171,253,154
172,255,149
173,255,144
172,255,140
173,255,135
173,255,133
173,255,130
173,251,126
172,255,119
173,253,114
174,255,107
174,253,103
174,255,93
174,246,87
174,249,79
174,245,75
174,245,74
175,251,69
179,255,67
1,219,77
6,175,105
10,166,115
14,162,118
17,163,119
19,163,122
22,171,118
22,169,118
23,156,119
23,152,114
22,159,101
20,184,75
17,179,60
11,140,51
0,87,47
170,70,44
158,62,45
158,67,42
164,75,44
174,74,52
3,94,54
11,157,57
17,150,80
23,121,122
27,120,136
30,116,141
31,123,147
32,120,157
33,124,162
33,127,166
33,125,169
33,115,173
33,112,176
33,107,178
33,106,181
34,103,180
33,103,173
33,102,175
33,95,188
33,92,203
34,94,207
36,96,216
36,96,224
37,95,233
38,99,235
38,97,240
39,99,240
39,99,240
39,97,244
39,98,248
39,97,251
38,98,253
39,95,255
39,94,252
38,93,251
38,93,249
36,98,240
35,103,231
34,106,222
31,103,215
29,95,220
25,97,208
16,128,180
6,220,138
0,224,148
175,243,165
173,251,174
172,251,179
172,247,184
172,244,190
171,248,192
172,250,195
170,245,223
170,246,224
170,250,220
170,254,216
170,255,214
171,254,210
171,254,204
171,255,198
171,255,193
171,254,191
171,254,189
170,254,185
171,254,180
171,254,174
171,255,168
171,255,162
171,253,158
172,253,153
172,255,149
173,255,144
173,255,139
173,255,134
173,255,130
173,255,129
173,251,126
173,253,120
173,251,115
174,255,107
174,253,103
174,255,93
174,246,87
174,252,79
174,252,75
174,252,73
175,255,70
178,255,69
1,208,82
6,172,107
10,165,116
13,164,120
16,165,119
19,164,121
22,171,118
22,169,118
23,156,119
22,152,114
22,157,99
19,182,73
17,176,58
11,143,50
0,85,48
170,70,44
158,65,43
164,68,41
170,83,46
174,90,54
4,115,53
11,163,58
18,158,79
23,126,123
27,123,137
30,119,142
31,122,148
33,124,158
33,131,158
33,129,164
33,125,170
33,114,174
33,112,176
33,111,177
33,106,180
33,104,179
33,104,172
32,97,177
33,96,186
33,93,198
34,93,208
35,92,218
37,93,225
37,93,233
38,95,236
38,94,240
39,97,240
39,96,241
39,97,244
39,96,248
39,97,251
39,95,254
39,95,255
39,93,254
38,92,251
37,94,247
36,98,239
34,100,230
33,105,222
31,102,217
28,97,221
24,98,209
15,125,182
6,212,142
179,224,154
174,243,169
172,251,179
172,249,185
171,247,190
171,246,194
172,248,196
171,251,198
170,246,222
170,244,224
170,248,220
170,253,216
170,254,212
171,254,207
171,255,203
171,255,195
171,255,189
171,255,185
171,252,183
171,254,180
171,254,175
171,255,171
171,255,165
172,255,159
172,255,155
172,253,152
172,253,147
173,255,141
173,255,137
173,255,133
173,255,130
173,253,128
173,251,125
173,253,120
173,253,115
174,255,108
174,255,103
174,255,94
174,249,89
174,252,79
174,252,75
174,255,72
175,255,71
178,248,71
1,203,84
6,172,107
10,165,116
13,162,121
16,162,121
19,164,121
21,165,119
22,163,119
23,152,119
22,148,114
22,153,100
20,178,70
16,172,55
10,133,48
2,80,48
170,70,44
158,67,42
164,77,43
169,90,48
177,94,54
4,132,54
13,188,61
19,169,83
23,132,129
27,128,141
30,122,142
32,127,148
33,126,156
33,132,155
33,128,165
33,125,170
33,117,175
33,112,177
33,111,179
33,108,182
33,103,181
33,107,174
33,102,175
33,97,184
33,92,199
34,92,210
35,92,220
37,93,226
37,90,233
38,92,236
38,91,241
38,93,242
39,93,243
39,95,244
38,95,246
38,97,248
38,95,251
38,95,252
38,92,254
38,92,250
36,93,246
36,98,240
33,101,225
32,107,214
30,103,213
28,98,221
23,100,210
15,127,183
5,211,145
179,224,158
174,243,173
172,248,185
171,248,192
171,250,196
171,251,195
171,250,197
171,251,202
170,248,220
170,247,223
170,249,219
170,254,217
170,253,213
170,254,210
171,255,203
171,255,195
171,255,189
171,255,183
171,254,179
171,254,175
171,252,172
171,255,168
171,255,162
172,255,159
172,255,155
172,253,152
172,255,146
173,255,140
173,255,136
173,255,132
173,255,128
173,253,125
173,251,125
173,255,119
173,253,115
174,255,108
173,255,104
174,255,94
174,249,89
174,252,79
174,248,76
174,248,74
175,255,70
178,244,72
1,200,84
6,173,106
10,166,115
14,159,120
17,159,122
19,160,121
21,159,120
21,157,120
23,148,119
22,146,115
21,146,101
19,169,71
16,175,54
10,136,47
0,76,47
164,79,42
159,83,40
166,89,43
171,99,49
176,104,54
5,139,55
14,192,65
20,178,90
24,134,133
26,132,143
29,128,143
31,128,145
32,125,155
33,128,159
33,127,167
33,125,170
33,117,174
33,112,178
33,109,182
33,107,186
33,105,183
33,106,175
31,107,170
33,99,186
33,90,204
34,91,213
35,91,221
36,91,225
37,90,232
38,90,234
39,89,240
38,91,241
39,92,242
39,93,243
38,94,246
38,94,249
38,93,252
38,93,253
38,92,252
38,92,250
36,93,247
35,97,239
34,108,217
32,115,199
29,109,204
27,100,220
23,101,209
14,131,183
5,215,145
179,225,160
174,243,176
172,250,188
171,250,196
171,250,199
171,254,196
171,254,199
171,254,204
169,252,220
169,253,220
169,253,219
169,254,219
170,251,217
170,254,212
170,255,205
170,255,197
171,255,190
171,255,181
172,254,175
171,254,173
172,252,169
172,255,166
172,255,161
172,255,156
172,252,154
172,253,150
173,253,145
173,255,139
173,255,134
173,255,131
173,253,128
173,255,123
173,253,121
173,255,118
173,255,117
174,255,110
174,255,106
174,255,95
174,249,89
174,252,82
174,248,76
174,245,75
175,255,70
178,244,72
1,198,85
5,167,107
10,160,113
15,159,119
17,160,121
19,160,121
20,157,122
21,152,121
22,145,120
22,142,115
21,146,101
19,166,72
17,158,55
10,122,46
0,78,46
164,85,39
159,85,39
166,93,41
171,108,45
175,116,55
6,140,62
15,178,76
20,171,100
24,141,136
26,136,142
29,131,144
31,128,146
32,125,155
33,127,161
33,127,167
33,125,169
32,119,172
32,115,177
33,113,181
33,110,185
33,109,185
33,109,180
32,108,175
32,101,187
32,93,203
34,94,212
35,91,221
36,91,225
37,89,232
38,89,235
38,88,238
39,89,241
39,89,242
38,90,243
38,91,246
38,92,250
38,92,252
38,92,253
38,91,251
37,91,249
35,92,247
34,96,239
33,111,210
32,125,187
29,116,200
26,102,224
23,102,210
13,135,180
5,220,144
179,225,164
174,242,180
172,252,190
171,252,197
171,252,200
171,251,201
171,254,201
170,254,206
169,254,220
169,255,219
169,255,219
169,253,220
169,252,220
170,253,214
170,255,207
170,255,199
170,255,192
171,255,178
172,255,172
172,255,170
172,253,168
172,255,163
172,255,159
172,255,156
172,253,153
172,253,150
173,255,144
173,255,139
173,255,135
173,255,131
173,253,126
173,255,123
173,255,120
173,255,119
173,251,116
174,255,109
174,250,105
174,255,97
174,252,90
175,255,82
175,252,77
174,248,76
176,255,71
178,244,72
2,202,86
6,169,107
11,162,113
15,161,119
18,162,118
19,160,121
20,158,121
21,153,120
21,145,123
22,142,115
20,141,101
19,159,72
15,145,58
8,106,48
174,85,45
159,87,38
157,85,39
161,100,41
170,122,44
179,118,56
9,148,69
18,163,91
21,164,109
24,139,138
27,142,140
29,130,145
31,129,148
32,125,155
33,128,159
33,127,166
33,125,169
32,118,173
33,116,176
33,115,177
33,113,182
33,108,186
33,106,186
33,101,182
31,99,182
31,94,193
33,92,207
35,88,219
37,89,224
38,90,233
38,87,239
38,86,242
38,86,243
39,87,245
39,87,245
38,88,246
37,89,249
37,90,251
37,91,250
37,90,253
37,91,250
36,91,249
35,93,241
32,108,208
30,123,182
29,116,200
26,101,228
23,98,211
13,132,178
4,218,146
178,225,170
174,241,186
172,254,192
171,255,198
171,252,202
171,246,205
171,250,204
171,251,207
169,255,217
169,254,219
169,255,221
169,253,223
169,250,223
169,248,218
169,253,210
169,255,201
170,255,193
171,255,179
171,252,174
172,255,169
172,253,167
172,255,163
172,252,161
172,255,155
173,255,151
173,255,150
173,255,145
173,255,140
173,255,134
173,255,129
173,255,126
173,255,123
173,251,120
173,255,117
174,253,113
174,255,106
175,250,103
175,255,96
174,255,93
175,255,86
175,249,82
175,252,79
176,252,74
179,255,70
3,212,84
8,164,109
12,163,114
16,163,117
18,169,118
19,167,119
21,162,118
21,160,118
22,150,121
22,144,117
20,141,101
16,156,72
11,136,58
3,106,48
170,87,44
159,85,39
157,81,41
160,127,36
173,131,41
6,145,60
15,161,81
20,143,114
24,143,128
25,133,140
27,135,142
29,133,142
31,131,146
32,127,153
32,126,156
32,124,164
32,124,164
33,120,166
33,115,173
33,111,181
34,108,184
35,108,187
34,98,189
33,94,184
31,97,171
30,92,180
30,85,197
34,84,215
37,87,223
39,88,233
39,86,238
38,86,244
38,85,245
39,87,247
39,86,250
37,84,249
37,87,250
37,86,251
37,88,252
37,92,251
37,92,252
38,89,253
36,93,243
31,102,211
28,114,199
29,115,201
28,98,222
25,91,201
13,125,176
2,214,148
177,234,173
173,244,189
171,255,195
171,252,200
171,250,202
171,246,206
171,248,205
171,249,207
170,251,217
170,253,220
170,253,223
169,254,222
169,254,219
169,253,214
169,254,209
169,255,204
170,254,196
171,252,184
171,251,177
171,255,170
172,253,168
172,255,162
172,253,160
173,255,153
173,255,151
173,255,148
173,255,144
173,255,139
173,255,134
173,255,130
173,255,127
173,255,123
173,253,121
173,255,117
174,248,112
174,255,106
175,250,101
175,255,97
175,252,93
175,255,87
175,252,83
175,255,80
176,255,76
179,252,73
3,205,87
9,167,110
13,165,113
16,166,118
18,167,119
19,166,120
21,165,119
21,159,119
22,147,123
22,141,119
20,140,102
16,158,71
11,144,55
3,113,45
174,91,42
159,83,40
157,81,41
162,111,39
177,125,45
9,167,61
17,176,81
22,148,117
25,143,130
27,129,140
28,132,141
29,129,142
31,128,146
32,126,154
32,123,159
32,122,161
32,121,162
33,121,165
33,114,172
33,110,179
34,105,184
35,104,187
35,96,192
33,93,184
30,96,164
27,99,170
28,89,191
34,84,215
37,87,223
38,88,230
38,88,238
38,86,244
38,85,245
39,86,248
39,86,250
37,84,250
37,84,250
38,84,252
38,85,254
36,90,253
37,90,251
39,89,249
36,90,238
30,101,210
27,113,200
28,112,202
28,96,218
26,89,197
12,122,172
1,210,148
176,234,178
173,243,194
171,251,198
171,250,202
171,248,204
171,244,208
171,246,206
171,249,207
170,251,217
170,252,221
170,252,221
170,253,220
170,255,216
170,254,212
170,251,210
170,253,206
170,252,198
171,251,188
171,251,181
171,255,173
172,255,170
172,255,161
172,255,159
173,255,153
172,255,150
173,255,145
173,255,141
173,255,138
173,255,134
173,255,129
173,255,127
173,255,124
173,253,121
173,255,117
174,248,112
174,253,107
175,248,102
175,255,97
175,252,93
175,255,87
175,252,83
175,255,79
176,255,76
179,245,75
3,201,89
9,165,111
14,169,113
16,168,120
18,169,119
19,169,121
20,164,120
21,156,118
21,146,122
22,141,119
21,144,103
17,162,71
13,157,52
9,130,47
0,81,44
164,81,41
166,93,41
171,115,42
4,136,45
12,190,59
18,182,84
23,142,120
26,139,132
27,127,142
29,130,141
30,128,139
31,128,145
32,126,154
32,121,160
32,121,162
32,120,163
32,117,166
33,113,173
33,107,179
34,102,183
35,100,188
34,94,192
32,90,186
30,96,165
27,108,161
28,95,183
33,84,213
36,86,222
37,87,231
38,88,238
38,86,243
39,87,245
39,86,248
39,85,251
38,84,251
37,83,251
38,84,252
38,86,253
36,88,250
37,88,253
39,86,250
37,87,239
30,102,202
27,119,189
28,112,201
27,94,220
24,90,199
12,125,170
0,210,147
176,236,179
172,243,195
171,251,201
171,251,203
171,246,207
171,244,207
171,246,206
171,250,206
170,251,214
170,250,219
170,252,220
170,253,219
170,253,217
170,251,214
170,250,213
170,251,208
171,250,202
171,252,194
171,252,185
171,255,176
171,255,171
172,255,164
172,253,160
172,255,152
172,253,150
173,255,143
172,255,140
173,253,136
173,253,132
173,255,129
173,255,127
173,255,124
173,255,123
174,255,116
174,251,114
174,250,108
175,245,103
175,255,98
175,250,94
175,255,88
175,249,84
175,255,80
176,255,76
179,245,75
4,204,90
9,168,111
14,169,113
16,169,119
18,171,118
19,169,121
20,164,120
21,156,118
22,146,119
23,143,116
22,140,102
19,159,72
15,168,53
10,130,49
5,102,45
174,87,44
174,93,41
177,119,43
6,164,45
14,215,58
18,182,87
24,138,122
27,134,133
28,125,141
29,126,142
30,127,141
32,128,147
32,126,154
32,122,159
32,119,165
32,117,168
32,113,172
32,110,176
33,102,180
33,102,183
34,97,186
34,92,192
32,90,188
30,96,173
27,111,163
28,102,178
33,87,210
35,89,221
37,89,233
38,88,238
38,87,244
39,87,246
39,86,248
39,85,251
38,84,251
37,84,250
38,84,251
38,84,252
37,87,250
37,85,254
39,84,252
36,85,239
29,105,194
26,131,175
27,114,197
26,95,225
23,90,201
11,127,171
0,211,150
175,238,180
172,248,193
171,255,198
171,252,202
171,246,207
171,246,205
171,248,204
171,249,204
170,251,214
171,249,218
171,253,217
171,254,216
171,251,218
170,249,216
171,250,213
171,250,210
171,249,208
171,251,199
171,252,192
171,255,182
171,255,177
172,255,166
172,253,162
172,255,152
172,252,148
173,255,141
173,255,138
173,253,135
173,253,132
173,255,129
173,255,127
173,255,124
173,255,123
174,255,117
174,253,113
174,253,107
175,248,102
175,255,98
175,250,94
175,255,88
175,249,84
175,249,82
176,252,77
179,242,76
4,202,91
9,168,111
13,171,115
15,169,121
17,173,118
18,164,121
20,158,121
21,151,120
22,143,121
23,142,117
22,136,105
19,158,76
16,168,56
11,146,47
8,119,43
0,93,44
0,95,43
4,130,47
10,191,48
15,209,66
19,171,97
25,135,127
28,128,134
28,123,141
30,124,140
30,125,143
32,126,150
32,125,155
33,122,161
33,117,168
33,114,172
32,111,175
32,108,179
33,101,182
33,101,184
33,96,185
33,94,189
31,91,187
30,97,173
27,112,161
28,104,174
31,88,206
35,88,220
37,88,234
38,87,239
38,86,245
39,87,247
39,86,249
39,85,252
38,84,252
38,84,252
38,84,252
38,84,252
37,83,251
38,84,253
39,83,247
36,86,236
29,110,186
26,139,167
26,118,194
25,96,223
21,93,205
10,130,173
179,212,155
175,238,182
173,248,192
171,255,197
171,255,200
171,248,206
171,246,205
171,247,203
171,250,203
171,250,213
170,249,216
171,254,214
170,255,214
171,250,217
170,251,217
170,253,213
170,251,212
170,247,212
170,249,205
171,250,198
171,255,188
171,254,182
171,255,171
172,255,163
172,255,154
172,255,149
173,253,142
173,253,139
173,253,135
173,253,132
173,255,129
173,255,127
173,255,124
173,255,123
174,255,117
174,253,113
175,255,105
175,250,103
175,255,97
175,252,95
175,255,87
175,252,83
175,252,81
177,252,76
0,242,76
4,202,92
9,170,111
13,172,114
15,167,122
17,171,119
18,164,121
20,158,121
21,148,122
22,141,123
23,139,119
22,137,108
21,155,79
18,173,56
17,161,46
10,130,43
5,112,41
3,121,42
8,146,47
12,188,53
16,173,84
20,146,115
26,128,131
30,124,134
30,120,138
30,120,140
31,122,144
32,125,151
33,125,157
33,122,161
33,119,165
33,115,171
33,112,176
33,110,179
32,104,181
33,101,182
33,101,185
33,94,189
31,91,187
30,99,170
28,111,159
28,103,176
31,87,207
35,88,221
36,88,233
38,86,242
38,86,245
39,87,247
39,86,249
39,85,251
38,84,252
38,84,252
38,84,252
38,84,252
37,83,252
38,83,251
39,83,246
35,88,230
28,120,179
26,145,160
26,121,192
24,100,224
20,97,203
9,136,173
179,213,157
175,236,187
173,247,196
172,252,199
171,254,200
171,249,203
171,246,204
171,249,202
171,252,201
170,251,212
170,251,213
170,254,212
170,255,214
170,253,216
170,253,216
170,254,212
170,253,213
170,248,213
170,248,209
171,249,203
171,254,193
171,252,186
171,255,176
172,252,169
172,255,159
172,252,154
172,255,146
172,253,141
173,251,137
173,255,134
173,255,129
173,255,127
173,255,124
174,253,123
173,255,119
173,255,114
175,255,106
175,250,103
175,255,98
175,252,95
175,255,87
175,255,82
176,255,80
177,252,76
0,235,78
4,198,94
9,172,110
13,174,114
16,173,121
18,176,119
18,166,120
20,159,120
21,152,121
22,143,121
23,140,118
23,134,110
22,151,81
22,178,56
17,154,48
12,125,47
5,130,43
5,143,41
8,161,49
13,188,61
18,151,98
20,136,124
26,130,129
30,127,131
30,121,137
30,121,139
31,121,145
32,125,151
33,125,157
33,124,161
33,121,165
33,117,170
33,114,174
33,111,177
33,109,180
33,105,182
33,100,186
33,94,189
32,89,191
31,96,178
28,101,171
29,98,182
31,87,209
35,87,224
36,87,234
38,86,244
38,85,246
38,85,246
38,84,248
38,83,251
38,83,252
38,83,253
37,82,251
37,82,251
37,84,250
37,82,252
38,81,248
35,90,225
28,131,168
25,154,156
25,124,193
24,100,224
19,106,202
9,143,171
179,218,158
175,236,188
173,245,198
172,247,203
172,250,201
171,247,203
171,247,203
171,250,199
171,254,198
170,254,208
170,255,210
170,254,211
170,253,213
170,254,215
170,254,215
170,255,214
170,254,212
170,253,212
170,249,210
171,250,204
171,255,195
171,254,190
172,255,180
172,251,174
172,253,166
172,249,160
172,255,150
173,253,145
172,255,140
173,255,135
173,255,130
174,255,127
174,255,124
174,253,123
173,251,122
173,251,116
174,255,107
174,253,104
175,255,100
175,250,96
175,255,88
175,255,82
176,252,81
177,248,77
0,227,83
4,194,96
9,172,110
13,176,113
16,173,121
18,174,120
18,164,121
20,161,119
21,156,118
23,149,118
23,142,117
23,133,111
23,150,85
22,177,59
17,170,45
10,125,51
5,127,46
6,151,44
10,180,51
14,190,63
18,151,101
22,141,116
27,130,122
29,126,128
30,121,135
30,119,141
30,119,146
32,123,153
33,125,157
33,124,160
33,123,166
33,120,172
33,115,175
33,114,177
33,110,179
33,108,182
33,103,186
33,97,191
34,87,196
32,89,189
30,90,185
30,90,188
33,85,210
35,84,225
37,85,237
38,86,244
38,84,249
38,84,248
38,84,250
38,83,252
38,83,253
38,80,252
37,80,252
37,80,252
37,82,251
37,82,253
38,79,250
34,90,220
28,136,163
25,158,155
25,125,192
23,102,223
19,107,202
9,147,170
179,221,157
175,241,187
173,246,197
172,244,203
172,246,201
172,245,202
171,247,201
171,250,199
171,252,197
170,253,209
170,254,208
170,255,210
170,254,211
170,255,212
170,255,212
170,254,213
170,253,213
170,253,212
170,250,211
171,250,207
171,251,201
171,255,192
172,254,185
172,254,179
172,252,173
172,252,167
172,255,156
173,252,152
173,255,144
173,253,140
174,255,132
174,251,130
174,255,124
174,255,122
174,255,119
173,255,117
174,253,110
174,248,106
175,255,100
175,252,95
175,255,87
175,252,83
177,255,78
177,255,75
0,230,82
4,194,96
9,168,112
13,173,115
16,173,121
18,173,121
18,163,122
20,161,119
21,155,120
22,150,121
23,136,118
23,130,114
23,143,93
22,171,64
17,173,50
11,146,49
2,127,52
4,148,50
11,178,53
15,211,58
19,175,86
22,159,101
27,139,114
29,128,126
30,120,138
30,119,142
30,119,146
32,123,154
33,123,159
33,123,162
33,124,167
33,125,170
33,119,174
34,117,179
34,112,180
34,110,181
34,107,186
34,97,192
35,88,198
34,84,198
31,84,198
31,86,198
32,81,210
35,82,224
37,81,238
39,83,246
39,82,248
39,82,248
39,82,249
38,81,250
38,80,252
37,77,251
36,77,250
37,80,250
37,80,252
37,80,253
37,76,249
34,88,219
28,138,161
25,159,152
25,122,195
23,101,223
18,104,203
8,148,167
178,227,154
175,245,182
173,248,192
172,251,195
172,252,195
171,251,196
171,250,197
171,251,196
171,251,196
170,254,208
170,253,209
170,253,209
170,254,208
170,254,211
170,254,211
170,254,212
170,254,212
170,254,210
170,248,211
171,250,207
171,251,201
171,252,195
171,254,190
172,255,182
172,255,175
172,254,170
173,255,161
172,253,157
173,255,148
173,255,140
174,255,132
174,253,129
175,253,124
174,253,123
174,255,120
173,253,118
174,253,110
174,248,106
175,255,100
175,252,95
175,255,88
175,249,84
176,255,79
177,252,76
0,224,82
4,193,98
9,169,115
13,171,116
16,173,121
18,174,120
18,162,123
20,158,121
21,153,122
22,148,122
24,139,119
24,131,117
23,141,98
22,162,74
16,172,55
11,161,49
4,148,50
4,163,50
11,197,53
16,224,57
19,173,87
23,153,102
27,130,122
29,123,131
29,114,141
30,117,144
30,118,147
31,122,152
32,123,157
33,127,161
33,123,168
33,123,172
34,119,176
34,117,179
34,113,179
34,113,179
34,108,184
34,98,189
35,85,199
35,80,201
33,80,204
32,84,200
32,83,203
35,82,215
37,80,236
39,81,246
39,80,249
39,83,250
38,81,249
38,81,250
38,78,252
37,77,251
36,77,250
36,76,251
36,77,249
37,77,252
37,72,250
33,85,219
28,135,161
25,159,151
25,118,196
23,97,225
18,104,202
8,146,168
178,223,157
174,243,184
172,247,189
172,250,192
171,251,192
171,248,194
172,251,194
172,254,192
171,255,189
170,255,207
170,254,208
170,254,206
170,255,205
170,255,207
170,253,209
170,253,211
170,254,210
171,254,207
171,249,208
171,252,202
171,254,199
171,251,196
171,251,192
172,255,184
172,255,179
172,254,174
172,255,166
172,255,161
173,255,152
173,255,144
174,255,134
174,255,130
175,253,124
174,251,124
174,255,122
173,253,119
174,255,111
174,253,107
175,255,101
175,255,97
175,252,89
175,246,85
176,252,81
177,248,77
0,224,82
4,191,99
9,167,116
13,170,117
16,171,122
18,173,121
19,167,119
20,162,121
21,155,123
22,148,122
23,141,121
24,132,120
24,137,106
23,152,84
18,181,55
10,168,50
3,152,52
5,172,52
12,190,59
16,192,69
20,145,104
24,125,122
28,118,132
30,115,137
29,112,143
30,116,145
30,121,148
31,123,151
32,124,156
33,127,161
33,124,167
33,123,172
34,118,177
34,117,179
33,113,179
33,110,179
33,105,183
34,96,189
36,82,199
36,78,202
34,76,202
32,83,188
32,88,185
34,84,204
38,78,236
39,79,245
39,80,250
39,79,251
38,79,250
38,78,251
39,79,252
37,77,251
36,76,251
35,75,250
36,77,249
37,75,252
37,71,248
33,79,219
27,129,164
25,154,154
24,116,196
23,96,223
17,103,198
7,145,165
177,224,155
174,244,182
172,248,187
171,251,187
171,254,189
171,251,191
171,251,190
171,255,187
172,255,186
170,255,209
170,255,206
171,255,204
171,255,204
170,255,205
170,253,207
171,251,209
171,250,210
171,251,209
171,251,206
171,251,201
171,252,197
171,251,196
172,251,194
172,252,188
172,255,182
172,255,177
172,255,170
172,252,164
172,255,156
173,255,148
174,255,137
174,255,133
174,253,127
174,253,125
174,253,123
173,253,119
174,255,112
174,250,108
175,255,101
175,255,97
175,255,88
175,249,84
176,252,81
178,252,76
0,227,81
5,192,97
10,166,115
13,170,117
16,170,123
18,169,122
19,167,119
21,159,120
21,153,123
22,153,122
23,143,121
24,135,121
24,139,110
22,152,89
17,191,56
11,165,54
4,148,57
6,189,50
13,207,59
17,171,82
22,126,117
25,117,133
29,111,136
30,114,139
30,115,142
30,116,145
30,121,147
31,127,150
32,125,155
32,123,160
33,123,166
33,120,172
33,115,175
33,114,177
33,108,177
32,107,176
31,101,179
33,93,186
36,80,197
36,76,200
34,76,197
32,87,173
32,94,165
34,87,196
37,76,235
39,79,245
39,78,250
39,79,251
38,78,251
38,78,251
39,79,252
38,78,252
36,76,251
35,75,250
37,74,250
37,72,250
37,69,247
33,79,219
27,127,167
26,150,155
25,111,195
23,94,219
17,103,193
7,144,161
176,230,152
173,246,176
172,249,182
171,251,184
171,252,185
171,251,186
171,251,186
171,254,184
172,252,184
170,254,212
171,255,205
170,255,205
171,254,204
171,253,205
171,251,206
171,250,208
171,250,208
171,249,209
171,250,204
171,248,204
171,249,200
171,251,196
172,251,194
172,250,190
172,252,184
172,255,176
172,255,170
172,252,167
172,255,159
173,253,151
173,255,140
173,253,136
174,255,129
174,255,126
174,255,124
174,253,121
174,255,114
174,248,110
175,255,102
176,252,97
175,255,88
176,252,83
176,252,78
178,252,73
0,223,80
5,190,98
10,165,116
14,166,117
16,170,123
18,172,123
19,164,121
21,157,122
22,155,125
22,151,123
23,143,121
24,136,120
24,150,109
23,163,89
17,182,66
12,160,62
6,164,59
8,222,47
15,197,66
19,144,101
24,115,133
28,112,137
30,110,139
31,117,142
31,119,144
30,120,144
30,121,147
31,127,150
32,125,155
32,123,160
33,119,167
33,116,171
33,113,174
32,109,173
31,104,169
31,105,167
30,99,170
31,90,178
34,79,191
35,78,195
33,77,191
31,88,169
30,93,165
32,86,196
37,75,235
39,78,245
39,78,250
39,79,252
38,80,252
38,80,252
39,81,252
38,80,252
35,78,251
35,78,250
36,76,251
37,74,251
37,71,248
33,81,221
28,127,168
26,149,156
27,111,193
24,91,218
18,103,193
7,144,158
177,229,147
173,248,174
172,247,182
171,247,184
171,252,184
171,252,181
171,254,180
171,251,180
172,249,180
170,253,213
171,255,206
170,255,205
171,254,204
171,254,204
171,255,203
171,255,203
171,254,205
171,253,205
170,251,203
170,247,202
171,247,200
171,250,196
171,248,194
172,244,192
172,247,188
172,252,178
172,255,171
172,252,167
172,255,159
172,250,153
173,255,144
173,253,139
173,255,132
174,255,127
174,255,126
174,253,121
174,255,114
174,250,109
175,255,102
176,252,97
176,255,87
176,255,82
176,255,76
178,255,72
1,227,81
5,183,99
11,159,117
14,164,118
16,170,123
18,172,123
20,164,120
21,157,122
22,155,125
22,150,124
23,143,121
24,139,121
24,146,112
23,154,96
18,181,69
12,186,59
8,213,48
8,255,43
16,180,78
22,131,119
25,110,141
29,114,136
31,118,141
32,119,144
33,123,145
31,125,145
32,127,149
31,127,151
32,124,156
32,123,160
33,120,166
33,116,170
33,107,172
31,104,169
30,105,161
29,103,156
28,98,164
29,85,174
33,77,185
34,80,182
31,83,175
29,89,167
29,86,181
31,77,208
36,75,235
38,79,242
39,80,249
39,81,252
38,80,252
38,80,252
39,82,253
38,83,253
37,79,252
35,78,251
35,79,250
36,76,251
37,74,250
33,85,225
29,128,170
27,147,158
28,111,195
25,92,219
19,105,190
8,146,157
177,230,145
173,248,171
172,245,178
171,247,180
171,249,181
171,252,179
171,255,174
171,251,175
172,251,175
170,255,214
170,255,206
170,255,204
170,255,203
171,255,200
171,255,200
171,255,200
171,255,202
171,255,202
170,251,203
170,249,201
171,247,200
171,247,198
171,243,196
172,240,193
172,244,189
172,248,179
172,252,172
172,250,166
172,253,158
172,250,153
173,253,145
173,250,142
173,255,135
173,255,130
174,255,126
174,253,123
174,255,114
174,250,109
176,255,101
176,252,97
176,255,87
176,252,83
177,255,77
178,252,73
1,224,82
5,183,99
11,160,116
15,169,116
17,170,120
19,173,121
20,165,119
21,158,121
21,152,124
22,150,124
23,145,121
24,139,121
25,143,116
23,141,107
18,164,81
12,192,61
8,224,49
10,218,55
18,145,102
23,123,135
27,111,143
30,118,138
33,121,143
34,123,147
33,122,146
33,126,146
32,126,150
32,127,153
32,123,157
32,121,160
33,120,164
32,112,168
31,103,171
31,99,167
29,104,154
28,107,146
27,99,157
27,85,174
32,74,182
33,80,178
29,89,164
29,93,161
27,85,191
29,74,218
35,73,236
37,79,239
39,80,249
39,81,251
38,80,251
38,83,251
39,84,252
39,84,254
36,81,252
36,82,251
36,82,251
36,82,250
35,79,250
33,87,231
29,125,181
28,143,170
28,110,200
26,96,216
21,112,184
9,154,154
178,230,144
174,249,168
173,249,173
172,248,176
172,251,177
171,249,176
171,251,173
171,252,172
171,255,168
170,255,214
170,255,206
170,255,203
170,255,200
170,255,199
170,254,201
171,252,202
171,252,202
171,254,201
170,249,204
170,247,202
171,247,200
171,245,200
171,243,197
171,243,193
171,248,186
172,249,180
172,249,174
172,250,169
172,255,160
172,250,155
172,253,147
172,248,144
173,251,137
173,251,133
173,255,129
173,253,124
173,253,115
174,248,110
175,255,102
175,252,98
175,255,91
176,246,85
176,249,79
178,248,74
1,227,81
5,185,98
11,163,114
15,172,114
17,171,119
19,171,122
20,162,121
21,156,121
21,151,125
22,151,123
24,151,118
24,143,118
24,141,119
23,143,112
19,169,83
15,233,58
12,255,47
14,201,66
19,132,118
24,118,138
28,115,140
31,117,142
34,123,143
34,123,147
33,127,147
32,129,146
33,130,151
32,126,154
32,119,158
32,117,161
33,112,164
33,106,169
32,98,172
31,97,165
28,102,150
26,109,138
24,104,152
25,90,173
29,74,183
30,72,183
28,82,168
27,94,157
27,85,186
30,73,216
35,73,237
37,78,242
39,82,248
38,84,250
38,84,250
38,84,249
39,85,251
39,85,253
36,82,251
35,82,250
35,81,251
36,83,249
35,81,250
34,88,238
31,119,195
30,132,179
29,106,203
26,97,213
20,114,179
8,155,151
178,230,141
174,249,165
172,250,168
172,251,170
172,249,174
172,246,173
172,246,172
172,250,169
172,253,164
